# Number of parameters = 1415 Objective function value = 1227.31150281663  Maximum gradient component = 0.0157414986707729
# Mest[1]:
0.230000000000
# Mest[2]:
0.330000000000
# log_Linf[1]:
4.30945594184
# log_Linf[2]:
4.38701417618
# log_k[1]:
-1.83258146375
# log_k[2]:
-1.83258146375
# log_Lo[1]:
2.89037175790
# log_Lo[2]:
2.89037175790
# log_sdage[1]:
-2.40794560865
# log_sdage[2]:
-2.40794560865
# mean_log_rec[1]:
9.51970912654
# mean_log_rec[2]:
8.35689108190
# mean_log_rec[3]:
7.68097365456
# steepness[1]:
0.650000000000
# steepness[2]:
0.650000000000
# steepness[3]:
0.650000000000
# log_Rzero[1]:
9.08941738210
# log_Rzero[2]:
8.40386415060
# log_Rzero[3]:
7.42727689000
# rec_dev:
 -0.440436341041 -0.513400163153 -0.592596243547 -0.678950546242 -0.769929867019 -0.861565047823 -0.828675540078 -0.832933491387 -0.679597297231 -0.615608606953 -0.525681943235 -0.358435787061 -0.396607323148 -0.352350990257 -0.293482017025 -0.109042830600 0.187683651009 0.383972131059 0.374999511840 0.330669688488 0.383317242001 0.502816343781 0.718566370458 0.715375585699 0.663505246992 1.31529454414 1.51594146236 0.696117492806 0.117140574844 0.318321760847 0.633213230201 0.768627558934 0.534119279691 0.305681105695 0.218143967148 0.289720523348 0.325319772684 0.477769004544 0.658369721316 0.559193931611 0.698868714269 0.680903648341 0.485568648066 -0.148870719201 -0.480450532625 -0.770652325385 -1.49738033578 -1.03463409469 -0.858122046595 -1.01888613952 -1.04593844717 -1.10268558378 -1.01350177964 -0.518436836749 -0.372536357165 -0.433775507962 -0.304761521119 0.0337520786866 0.371923953804 0.248378502448 0.588851214066
 -0.000153136593594 -0.000191957554895 -0.000228275848418 -0.000250415749607 -0.000240369807836 -0.000163693456829 3.70709078670e-05 0.000476733647568 0.00101194177402 0.00190632786970 0.00319589132937 0.0271257541216 0.0277863035198 0.0282800650282 0.0283820967649 0.0263690581352 0.0189315122819 0.00584542275763 -0.0498191994086 0.357076723612 -0.0168080130199 -0.112603576641 -0.000231681096212 0.416237841804 -0.0337936426024 -0.241758072624 -0.531888479165 -0.0428165623872 0.371944376963 0.898242538802 0.275820343091 0.243191288221 -0.459736402738 -0.00127011282928 -0.450025315685 -0.674318170727 -0.00963697758565 0.0651139789749 0.0309971356394 -0.113306462328 0.602878349430 1.22019293900 -0.303103040135 0.694262584534 -0.682810876236 -0.161615635246 0.757770188371 0.0477758123521 -1.20723242518 -1.97068014019 -0.458876776741 0.884843938672 -0.582633277925 -0.150965242235 -1.52946104663 -0.406166498029 -0.663882964345 -0.194722959513 1.19892167422 -0.427110904142 -0.0605043410625
# log_sigmar[1]:
-0.510825623766
# log_sigmar[2]:
-0.510825623766
# log_sigmar[3]:
-0.510825623766
# fmort:
 0.0115545322166 0.0169624701470 0.00768320041810 0.00970506826381 0.0186800853786 0.0229609467150 0.0278257491761 0.0239945076197 0.0468632626152 0.0389439640716 0.0264175032004 0.0385070048085 0.0739217434082 0.0287053881209 0.0676799056080 0.0452759379107 0.00441835159950 0.0202539787624 0.0166378240551 0.0147518239561 0.0139764932037 0.0185586824674 0.0201730824322 0.0224324903556 0.0148599314365 0.0199414497261 0.0337946867684 0.0132131387794 0.00375210453358 0.00615895845426 0.00987781249092 0.0203135732849 0.00864423642567 0.0120251154201 0.0132715409803 0.0219051633130 0.0278954861256 0.0421226341715 0.0578734829978 0.0545781474729 0.0734020258130 0.0134834418208 0.00541658518837 0.00620672565327 0.00645088825129 0.00774851881986 0.00568097389595 0.00791816565404 0.00250478533408 0.00220980750243
 0.00145465897142 0.00223028615525 0.00340225304259 0.00562653747414 0.00403464594773 0.00726644493376 0.00938944584908 0.0136943844415 0.0220756666451 0.0272718941401 0.0246659320268 0.0489668658906 0.0673821585306 0.0549944438746 0.0742029532176 0.105217913097 0.117746000205 0.158105433286 0.219335566137 0.228921202377 0.229935125618 0.288944934419 0.378755981032 0.360937433729 0.482176425354 0.641193548458 0.622454662077 0.625686922348 0.369608813269 0.240455488037 0.181423262150 0.213169432821 0.210347449164 0.193780367253 0.188942094036 0.188529622774 0.198065448512 0.237474588971 0.205837275952 0.280278234383 0.166520315849 0.120628827676 0.103252432992 0.0822599284954 0.0791751728242 0.0786720015067 0.0865341679987 0.0804704845026 0.0853107308828 0.0720681718400
 0.000578697316907 0.00112772621548 0.00279987066104 0.00599117554978 0.0191108020255 0.00593587475189 0.00757274180067 0.102106547783 0.103676660250 0.0834428439942 0.0838208714752 0.112366476905 0.0361111384738 0.0215285347881 0.0250637077353 0.0183852293496 0.0100802997327 0.0114609808915 0.0438319809996 0.0363204561825 0.0320600879683 0.0262391639041 0.0155387751956 0.0268089403694 0.0448176447486 0.212099875974 0.361443402733 0.683982363258 0.599574151403 0.160762084050 0.116830943163 0.366149106468 0.0532669877610 0.0726048652393 0.0623939264696 0.0405560584524 0.0994959519325 0.0832382268882 0.0936354550725 0.111729306963 0.0288622991503 0.140565884553 0.0675187349459 0.0409171885102 0.0438864346932 0.0179474651429 0.00869604477136 0.00433409620459 0.0127684459641 0.0206190486387
 2.10109707410e-13 2.21489493413e-13 0.000569558806764 2.36755060001e-13 2.40640840588e-13 2.42583730881e-13 3.55603603702e-06 0.000240525272794 0.00501052218592 0.0309701588915 0.0274505163430 0.0346229356683 0.0774823713505 0.0914185579865 0.121363844225 0.0977947622060 0.0924628500288 0.0957678047000 0.0982190987650 0.0809099541146 0.0661433622328 0.0416832252801 0.00358089264916 2.23432383706e-13 2.63677968348e-13 3.68038932663e-13 4.64073224293e-13 6.86950496487e-13 7.84095011142e-13 3.50893102241e-06 0.000636107038448 0.00443079906746 0.0133725521662 0.0256687118334 0.0449120399502 0.0380258469356 0.0571503394227 0.0864281280017 0.109104607471 0.148299632333 0.141234731842 0.0381483630672 0.0256834782629 0.0260450398450 0.0273991728035 0.0349153734715 0.0205422811213 0.0159922275176 0.0115511595193 0.0105847638009
# log_selcoffs_fsh[1]:
 -4.82776108440 -3.67559762787 -2.43570263496 -1.21783773202 -0.279336678332 0.511449271279 1.08541259136 0.890424018050 -0.271230518946
 -4.51825795475 -3.27646033909 -1.96071640154 -0.813698862644 -0.167326791031 0.458148740633 0.949308652053 0.801339416995 0.120307298961
 -4.18408990788 -2.93201187891 -1.70768971647 -0.683839548211 -0.00198000724214 0.534852516579 0.824917175213 0.666087683921 0.271550953768
 -3.78435419489 -2.44302013789 -1.31869713557 -0.519475345324 -0.0417488590022 0.395463035031 0.763423566263 0.683225179743 0.377077051103
 -3.56293224649 -2.12854018623 -0.763421689289 -0.00954434039644 0.211260698966 0.341470883646 0.489926553842 0.493372210882 0.394597752163
 -3.39586174286 -2.03877630517 -0.782347379805 0.0911008415738 0.483920227825 0.468481617391 0.361232329618 0.294518845418 0.251555108260
 -3.23479601108 -1.95027546208 -0.875031565419 -0.0629831052561 0.557033621822 0.679155072017 0.391300651762 0.165549104445 0.0824524162970
 -3.06990796251 -1.75985280670 -0.775438813187 -0.00645905422194 0.596746763349 0.712193769033 0.357894067523 0.0792257305506 -0.0408018770343
 -2.94042340473 -1.62461448045 -0.447971651525 0.202352439212 0.524156441414 0.588804037982 0.381265702748 0.0514478248296 -0.128776609979
 -2.77965069593 -1.35822562679 -0.179176497868 0.224533586277 0.528549539374 0.583653942296 0.297337149547 -0.0469543507176 -0.218554392148
 -2.61716092416 -0.987145811206 0.457526738056 0.449214670653 0.330058232541 0.286671889173 0.0790353208943 -0.160500257408 -0.287531447465
 -2.44531032210 -0.727354087213 0.442114838716 0.481295457015 0.441089317932 0.235712157916 -0.0447506839240 -0.251831698210 -0.353636133723
 -2.33022748774 -0.661075285616 0.475495906434 0.698052125034 0.403446185704 0.0868161221185 -0.189343491726 -0.356418469880 -0.427048106857
 -2.24017624464 -0.696258534018 0.484844634136 0.835058548245 0.396651441457 -0.0167021558293 -0.293777000430 -0.441965356605 -0.497986585604
 -2.36625228190 -0.831462775681 0.628754773417 0.871455233394 0.346075388955 -0.0725973856140 -0.353901317394 -0.513196490005 -0.577877981259
 -2.31659536490 -0.816554909627 0.671978070575 0.797497305169 0.397187881927 -0.0263241705794 -0.353685825528 -0.541582407899 -0.624035728608
 -2.10934009849 -0.589327338586 0.783507397455 0.720597174819 0.308388188348 -0.0644934404396 -0.368424503625 -0.562088925864 -0.656676030774
 -1.76037797853 -0.287613363431 0.573453791344 0.773387509955 0.378516151656 -0.0687398845621 -0.389316749499 -0.582647677846 -0.679509583328
 -1.63446381832 -0.265027080301 0.846572369819 0.729078519394 0.184438093354 -0.200918663105 -0.477552956149 -0.656251505034 -0.747953806629
 -1.38181242540 -0.148336562539 0.826248257921 0.715299205574 0.218084130358 -0.231233387321 -0.537903484752 -0.718396252042 -0.801944633683
 -1.30054500411 -0.0130417945790 0.886145984199 0.712968779127 0.141925582862 -0.318161014582 -0.632204193235 -0.805756425900 -0.875564235894
 -1.24065208238 -0.0849968842619 0.713434164654 0.935039331909 0.248408100350 -0.408830306182 -0.756573012099 -0.908516790383 -0.954034712673
 -1.16149093171 0.180744119355 0.927174347353 0.759145181800 0.0663595210549 -0.512738503578 -0.852878651658 -0.991959697263 -1.02008103298
 -1.30273112369 -0.0203927375693 0.907393134004 0.973413175110 0.00624827353002 -0.610079250577 -0.935568456719 -1.06729202865 -1.08559028493
 -1.44434055945 -0.0821625419203 0.936532500368 0.951101798263 0.0697871600724 -0.567027989512 -0.928552978290 -1.08252119378 -1.10883880385
 -1.39723597958 0.153295710461 0.756323134493 0.861736786598 0.226337564428 -0.362707001246 -0.825534338125 -1.03021111022 -1.06527768965
 -1.39080894678 -0.144535046043 0.608769300777 0.968364461567 0.311600987443 -0.231351341692 -0.704353270506 -0.939122876971 -0.995791228273
 -1.23199761188 0.237318541544 0.476775918968 0.779892420758 0.321721408615 -0.169211474748 -0.577925970419 -0.806197488015 -0.874929636038
 -1.10169512882 0.436745093206 0.645162808125 0.514701651064 0.129367831198 -0.207007262148 -0.492752122537 -0.677142465631 -0.754038559670
 -1.19479651734 0.0488498063515 0.530313488030 0.818030564523 0.154512485612 -0.241850437898 -0.446293144111 -0.572740684192 -0.643523109969
 -1.07690577581 0.470658739683 0.568944587348 0.333908128102 0.0431577298888 -0.161496032599 -0.310990006695 -0.421927134945 -0.491004306529
 -0.982294219703 0.512793091287 0.210936206510 0.216006921171 0.137390807631 -0.00220592451759 -0.146946272420 -0.268370116190 -0.347265929155
 -1.15125785168 -0.462139392295 -0.0422461705313 0.520694525532 0.427661351347 0.206917981512 0.00995174561124 -0.147176400467 -0.254498463293
 -1.29945247002 -0.674359301277 -0.134523446253 0.302109338476 0.350953271559 0.372339793905 0.221903821444 0.0111388968585 -0.151060968212
 -0.921891587801 -0.281730884942 -0.0298470994198 0.415490836571 0.275264362776 0.145870928031 0.0484993226550 -0.0481456124270 -0.121677415872
 0.153111482804 0.502274235988 -0.247508555599 -0.207907619084 -0.0899434610466 -0.0628082675223 -0.0740848810749 -0.0928375742036 -0.109810845626
# log_selcoffs_fsh[2]:
 -6.47931339908 -5.02898727969 -3.57320626761 -1.96000490153 -0.576290796133 0.328602413006 0.987989056652 1.13425864697 0.516069137442 -0.911634001762
 -6.39347633296 -4.95094232654 -3.45780305192 -2.04257967552 -0.872836570744 0.190072223621 0.978999985943 1.16886837214 0.530333715926 -0.472702630838
 -6.27093711445 -4.88805343252 -3.48918870991 -2.13164775091 -1.01518301654 0.0448605952193 0.923405438651 1.15319563267 0.618341918903 -0.115199879564
 -6.10521674369 -4.75371492173 -3.46444140768 -2.22384727645 -1.14418371891 -0.179378976376 0.766255304588 1.14473316708 0.769067996684 0.218607508098
 -5.93859383786 -4.51945803929 -3.24297139359 -2.20527312399 -1.31334970812 -0.392730025974 0.591162600148 1.08201484310 0.890976556563 0.529956306905
 -5.78160633935 -4.44015656742 -3.14372104187 -1.95884272235 -1.13702670753 -0.519665338613 0.276326474051 0.895803278651 1.00931189156 0.864658280811
 -5.64042368434 -4.37190988014 -3.16264688097 -2.07620162332 -1.14610359709 -0.401146354145 0.170619180607 0.672335755603 0.982460336112 1.10287360771
 -5.52812169029 -4.30351303697 -3.15488678106 -2.14758215917 -1.27504945538 -0.565074706657 0.107887825928 0.589121757510 0.956418266747 1.24030715496
 -5.45402559962 -4.22195224351 -3.06438976199 -2.10873770316 -1.35319266824 -0.673796071326 0.0210983163833 0.610666080888 0.957708497866 1.27427143725
 -5.36840052555 -4.10205319829 -2.91861383593 -1.92108459427 -1.15155207644 -0.582617552762 -0.109860414482 0.478333030708 0.949444807917 1.33766761642
 -5.31400844814 -3.94436335164 -2.63584800488 -1.55478049133 -0.846080069785 -0.331106077108 0.0578289178596 0.372090399685 0.798557735035 1.33840746913
 -5.32972650969 -3.82870661839 -2.41506270495 -1.22871426497 -0.620903194504 -0.197618391355 0.117347998398 0.436988643433 0.854260036749 1.16660125507
 -5.35561678309 -3.68204965587 -2.07359080127 -0.799369132446 -0.259356675605 0.0916729440065 0.265356188835 0.443907564233 0.725430220046 0.955090469189
 -5.37702302995 -3.49834208595 -1.70488673141 -0.522517852885 0.103628713417 0.289893484385 0.337322018250 0.418980270385 0.576536109225 0.714603179745
 -5.35503797722 -3.28696735011 -1.32864720299 -0.0684322700885 0.359950923539 0.341865715304 0.228972602743 0.270374912834 0.445780656906 0.581608855361
 -5.29338194616 -3.08511675569 -1.02506714893 0.0889783588522 0.336905843469 0.298096473684 0.198859022445 0.230574372018 0.403863598043 0.572441504581
 -5.25076575743 -3.01978474147 -0.917002920001 0.0568352101807 0.316491050750 0.302182276788 0.194993803460 0.210083785639 0.392980725326 0.605496508877
 -5.22087797563 -3.19044749632 -1.27513356724 0.00446305745752 0.401431129372 0.373615827217 0.208689155625 0.193254222997 0.379499389878 0.596543375185
 -5.18056330779 -3.32246166269 -1.56644029057 -0.251496535017 0.453455505215 0.448484392452 0.230999007326 0.197344620530 0.391204282965 0.628836787280
 -5.10311863383 -3.36127951447 -1.69173581240 -0.415689210831 0.242659755023 0.377821458168 0.237511833694 0.236084435834 0.489940919707 0.795170352821
 -5.06156788065 -3.43160592865 -1.89406114562 -0.625566020815 0.133651795917 0.385272257523 0.285998488074 0.243674671338 0.510538713811 0.871165286330
 -5.05825936510 -3.50978123940 -2.05504935954 -0.892115183499 -0.0513731692178 0.416837452458 0.392855262549 0.314073735339 0.536675650960 0.874751376788
 -5.07430862470 -3.57529525695 -2.21682804369 -1.09813964017 -0.264591405413 0.410099096032 0.449723373989 0.394770646447 0.586535552093 0.875107933895
 -5.14053100703 -3.63462543415 -2.25238440022 -1.12658220899 -0.410152439778 0.187073813869 0.505589087533 0.500600312933 0.673120175649 0.875960768340
 -5.21231536977 -3.67806380571 -2.19680623230 -0.913255523445 -0.266742873571 0.00292977331076 0.316632045414 0.535455874772 0.715870474921 0.940558048372
 -5.31507566033 -3.73717994013 -2.28360244816 -1.02859375102 -0.256355220118 0.238276328693 0.344288413761 0.457708409141 0.673125240072 0.923115945928
 -5.51343093873 -3.90334534294 -2.31126560182 -0.952680288853 -0.171191388328 0.388275127049 0.505283431470 0.470316696451 0.580919509371 0.755285275750
 -5.69608537500 -4.05432851045 -2.35492980758 -0.707713606050 0.0450559282374 0.507072346345 0.515682905728 0.398592630954 0.537326707377 0.592874071049
 -5.87066681356 -4.21662291843 -2.56150445525 -1.01134962795 -0.0941099727284 0.756691941270 0.725249274932 0.406584570816 0.443178467948 0.318847151038
 -6.01832410594 -4.32841940519 -2.64922862347 -1.03398846973 0.241021045284 0.862052951584 0.788804045585 0.394860456495 0.171287349749 0.0447340070089
 -6.09415783633 -4.33923196849 -2.53258300758 -0.782325851580 0.347114108440 0.830100869301 0.720029838923 0.370881612835 0.153930495973 0.0671526750370
 -6.10761629598 -4.28192881938 -2.41410896650 -0.700939156220 0.353534775308 0.624420548343 0.643273745827 0.433766506561 0.304596849240 0.266432421412
 -6.09138352698 -4.19173730840 -2.21374004392 -0.559159613238 0.0242020083982 0.343741439737 0.580310450985 0.605405215288 0.503301148662 0.466350594962
 -6.09924042575 -4.21301947267 -2.35427620108 -0.810193187159 -0.0403218806754 0.407471208771 0.621605902732 0.642376823330 0.525472729157 0.422361075810
 -6.07221592686 -4.20257059697 -2.33528380882 -0.878806741842 -0.219369428998 0.257963006117 0.625712377323 0.715867646618 0.605099729862 0.486360713873
 -6.03494431534 -4.22934657738 -2.50849856222 -0.955222980180 -0.110187977128 0.254517462201 0.560956071593 0.704562329725 0.640821682975 0.505657215887
 -6.02379026440 -4.22599132663 -2.51421195037 -1.05240542881 -0.122815202833 0.351653589272 0.608554798391 0.689227553101 0.596375597952 0.471019100029
# log_selcoffs_fsh[3]:
 -2.34598759054 0.289183769626 1.46955833207 0.0651754352351 -2.07621608479 -3.86151284124 -4.85242659222
 -2.30421574738 0.889423214742 1.23299644017 -0.102533597623 -2.25819544060 -3.90949790613 -4.85316713440
# log_selcoffs_fsh[4]:
 -5.91742146347 -4.78579082881 -3.63016751760 -2.41250299055 -1.14010323767 0.0595486675339 0.929478239961 1.12786043971 0.625664083472
 -5.90473787626 -4.76565749603 -3.59553695640 -2.32691613011 -1.00658919454 0.154597311103 0.937505562149 1.06525508291 0.629077928602
 -5.86976226557 -4.72751716720 -3.56121820122 -2.32410042907 -1.02752759342 0.136562314334 0.922339447690 1.07008285138 0.655988597438
 -5.80356096648 -4.65026065760 -3.49333369149 -2.30355701813 -1.06394273407 0.0716958823123 0.880094113387 1.08349325427 0.728316502588
 -5.73206088531 -4.55184939816 -3.38212186467 -2.22530337623 -1.03133172130 0.0790787601380 0.844130189060 1.05671805410 0.789599059695
 -5.65812327395 -4.49291584480 -3.31145711450 -2.12951286425 -1.01760095484 0.0111530205274 0.798236442187 1.07046340037 0.841109287466
 -5.56175703837 -4.41804951193 -3.24680276916 -2.04008104161 -0.937090853907 0.0296882031750 0.769579990889 1.03252630451 0.886356766280
 -5.43214990932 -4.28965615505 -3.16872592314 -2.00698165136 -0.897425905208 0.0125637338240 0.724167280964 1.02746139069 0.927518954607
 -5.29721474129 -4.10955767763 -3.02941505332 -2.01495856355 -0.984209224132 -0.0186690657431 0.715044463335 1.01793503910 0.966953101512
 -5.16811830018 -3.97446060196 -2.84017897597 -1.81575838545 -0.916045706588 -0.0630162754904 0.632821664849 0.996500419535 1.03803311566
 -5.06633808513 -3.85627394797 -2.70917706233 -1.67588510769 -0.765163067856 -0.00243493864981 0.588650332094 0.934480529024 1.06765186455
 -4.99268184666 -3.73703643983 -2.56564727510 -1.54824884522 -0.663017203088 0.0754513461095 0.582680662297 0.888439961950 1.05224273785
 -4.93116160713 -3.58763760335 -2.34519027440 -1.35106457636 -0.590157559736 0.0746577031951 0.582374749299 0.866614874569 1.03298528835
 -4.86715018596 -3.39860244201 -1.97820066406 -0.970876901438 -0.390163491995 0.0600802337339 0.459012630081 0.814019322302 1.05203637888
 -4.80047129047 -3.25378895801 -1.73756520258 -0.633637914051 -0.134415322887 0.0920637582294 0.350967612800 0.717327791070 1.03193347680
 -4.71784137745 -3.13324723059 -1.53286187808 -0.385614450968 -0.0446254530588 0.0739016124068 0.290100078093 0.656055307373 1.01332561586
 -4.65892798164 -3.10839517242 -1.55911938657 -0.399336351102 -0.0353544311372 0.132798547204 0.331982947019 0.640220789192 0.980899008594
 -4.61311924654 -3.20130086510 -1.90912783703 -0.923366322318 -0.237609094438 0.317956039447 0.569759356825 0.689225651123 0.908718153467
 -4.53137894637 -3.24105572640 -2.08019065874 -1.18180518855 -0.465628445686 0.170168322292 0.584373719160 0.821023348943 0.970227294721
 -4.47357550855 -3.25826235616 -2.17398101819 -1.32897634801 -0.678848518383 -0.0325387716569 0.566357445789 0.931699549460 1.02812634866
 -4.41452021438 -3.20687973785 -2.12668729279 -1.36915538707 -0.792808185538 -0.219354683124 0.433671421875 0.987895047581 1.12809580270
 -4.34679080996 -3.10381041859 -1.86052588353 -1.22157683848 -0.802391960990 -0.244745398345 0.327421459642 0.854364952162 1.25942387841
 -4.31141996823 -3.17531542250 -2.12708641129 -1.34135106521 -0.784544505429 -0.170093882977 0.351323062721 0.823288125888 1.27124572895
 -4.23311583532 -3.15238006283 -2.15494406064 -1.36042596541 -0.777706737640 -0.243298980220 0.277902588657 0.809179854313 1.32451555532
 -4.22699460020 -3.15538229046 -2.07389449897 -1.12294714585 -0.503393896652 0.0127202360621 0.413007322992 0.801791722965 1.14218297924
 -4.05142557099 -2.96178771961 -1.76749790108 -0.967457812273 -0.484001002015 -0.0302185916329 0.389701224682 0.785833450211 1.13871334335
 -3.79256207227 -2.79947138254 -1.78225713330 -0.999651302066 -0.496489571334 -0.0486151896672 0.401627360417 0.825920222390 1.11215587178
 -3.36592279533 -2.48645130305 -1.63668918730 -1.00217074608 -0.555055155907 -0.164122583258 0.262461018217 0.764069495298 1.23859450374
 -2.78530729009 -2.03079895251 -1.44797037799 -0.984727136236 -0.730223931286 -0.442787597347 0.0642184902762 0.734636275412 1.36695291873
 -2.96584073820 -2.18096241860 -1.32189512980 -0.786084542811 -0.632698372060 -0.523924350124 -0.0808457248040 0.682915389090 1.40804849598
 -2.97296285845 -2.15645217423 -1.38554130109 -0.876165007368 -0.657319530899 -0.465675784645 -0.00484722815500 0.727247286024 1.37524813156
# log_sel_spl_fsh[1]:
 0.00000000000 0.00000000000 0.00000000000 0.00000000000
 0.00000000000 0.00000000000 0.00000000000 0.00000000000
 0.00000000000 0.00000000000 0.00000000000 0.00000000000
 0.00000000000 0.00000000000 0.00000000000 0.00000000000
 0.00000000000 0.00000000000 0.00000000000 0.00000000000
 0.00000000000 0.00000000000 0.00000000000 0.00000000000
 0.00000000000 0.00000000000 0.00000000000 0.00000000000
 0.00000000000 0.00000000000 0.00000000000 0.00000000000
 0.00000000000 0.00000000000 0.00000000000 0.00000000000
 0.00000000000 0.00000000000 0.00000000000 0.00000000000
 0.00000000000 0.00000000000 0.00000000000 0.00000000000
 0.00000000000 0.00000000000 0.00000000000 0.00000000000
 0.00000000000 0.00000000000 0.00000000000 0.00000000000
 0.00000000000 0.00000000000 0.00000000000 0.00000000000
 0.00000000000 0.00000000000 0.00000000000 0.00000000000
 0.00000000000 0.00000000000 0.00000000000 0.00000000000
 0.00000000000 0.00000000000 0.00000000000 0.00000000000
 0.00000000000 0.00000000000 0.00000000000 0.00000000000
 0.00000000000 0.00000000000 0.00000000000 0.00000000000
 0.00000000000 0.00000000000 0.00000000000 0.00000000000
 0.00000000000 0.00000000000 0.00000000000 0.00000000000
 0.00000000000 0.00000000000 0.00000000000 0.00000000000
 0.00000000000 0.00000000000 0.00000000000 0.00000000000
 0.00000000000 0.00000000000 0.00000000000 0.00000000000
 0.00000000000 0.00000000000 0.00000000000 0.00000000000
 0.00000000000 0.00000000000 0.00000000000 0.00000000000
 0.00000000000 0.00000000000 0.00000000000 0.00000000000
 0.00000000000 0.00000000000 0.00000000000 0.00000000000
 0.00000000000 0.00000000000 0.00000000000 0.00000000000
 0.00000000000 0.00000000000 0.00000000000 0.00000000000
 0.00000000000 0.00000000000 0.00000000000 0.00000000000
 0.00000000000 0.00000000000 0.00000000000 0.00000000000
 0.00000000000 0.00000000000 0.00000000000 0.00000000000
 0.00000000000 0.00000000000 0.00000000000 0.00000000000
 0.00000000000 0.00000000000 0.00000000000 0.00000000000
 0.00000000000 0.00000000000 0.00000000000 0.00000000000
# log_sel_spl_fsh[2]:
 0.00000000000 0.00000000000 0.00000000000 0.00000000000
 0.00000000000 0.00000000000 0.00000000000 0.00000000000
 0.00000000000 0.00000000000 0.00000000000 0.00000000000
 0.00000000000 0.00000000000 0.00000000000 0.00000000000
 0.00000000000 0.00000000000 0.00000000000 0.00000000000
 0.00000000000 0.00000000000 0.00000000000 0.00000000000
 0.00000000000 0.00000000000 0.00000000000 0.00000000000
 0.00000000000 0.00000000000 0.00000000000 0.00000000000
 0.00000000000 0.00000000000 0.00000000000 0.00000000000
 0.00000000000 0.00000000000 0.00000000000 0.00000000000
 0.00000000000 0.00000000000 0.00000000000 0.00000000000
 0.00000000000 0.00000000000 0.00000000000 0.00000000000
 0.00000000000 0.00000000000 0.00000000000 0.00000000000
 0.00000000000 0.00000000000 0.00000000000 0.00000000000
 0.00000000000 0.00000000000 0.00000000000 0.00000000000
 0.00000000000 0.00000000000 0.00000000000 0.00000000000
 0.00000000000 0.00000000000 0.00000000000 0.00000000000
 0.00000000000 0.00000000000 0.00000000000 0.00000000000
 0.00000000000 0.00000000000 0.00000000000 0.00000000000
 0.00000000000 0.00000000000 0.00000000000 0.00000000000
 0.00000000000 0.00000000000 0.00000000000 0.00000000000
 0.00000000000 0.00000000000 0.00000000000 0.00000000000
 0.00000000000 0.00000000000 0.00000000000 0.00000000000
 0.00000000000 0.00000000000 0.00000000000 0.00000000000
 0.00000000000 0.00000000000 0.00000000000 0.00000000000
 0.00000000000 0.00000000000 0.00000000000 0.00000000000
 0.00000000000 0.00000000000 0.00000000000 0.00000000000
 0.00000000000 0.00000000000 0.00000000000 0.00000000000
 0.00000000000 0.00000000000 0.00000000000 0.00000000000
 0.00000000000 0.00000000000 0.00000000000 0.00000000000
 0.00000000000 0.00000000000 0.00000000000 0.00000000000
 0.00000000000 0.00000000000 0.00000000000 0.00000000000
 0.00000000000 0.00000000000 0.00000000000 0.00000000000
 0.00000000000 0.00000000000 0.00000000000 0.00000000000
 0.00000000000 0.00000000000 0.00000000000 0.00000000000
 0.00000000000 0.00000000000 0.00000000000 0.00000000000
 0.00000000000 0.00000000000 0.00000000000 0.00000000000
# log_sel_spl_fsh[3]:
 0.00000000000 0.00000000000 0.00000000000 0.00000000000
 0.00000000000 0.00000000000 0.00000000000 0.00000000000
# log_sel_spl_fsh[4]:
 0.00000000000 0.00000000000 0.00000000000 0.00000000000
 0.00000000000 0.00000000000 0.00000000000 0.00000000000
 0.00000000000 0.00000000000 0.00000000000 0.00000000000
 0.00000000000 0.00000000000 0.00000000000 0.00000000000
 0.00000000000 0.00000000000 0.00000000000 0.00000000000
 0.00000000000 0.00000000000 0.00000000000 0.00000000000
 0.00000000000 0.00000000000 0.00000000000 0.00000000000
 0.00000000000 0.00000000000 0.00000000000 0.00000000000
 0.00000000000 0.00000000000 0.00000000000 0.00000000000
 0.00000000000 0.00000000000 0.00000000000 0.00000000000
 0.00000000000 0.00000000000 0.00000000000 0.00000000000
 0.00000000000 0.00000000000 0.00000000000 0.00000000000
 0.00000000000 0.00000000000 0.00000000000 0.00000000000
 0.00000000000 0.00000000000 0.00000000000 0.00000000000
 0.00000000000 0.00000000000 0.00000000000 0.00000000000
 0.00000000000 0.00000000000 0.00000000000 0.00000000000
 0.00000000000 0.00000000000 0.00000000000 0.00000000000
 0.00000000000 0.00000000000 0.00000000000 0.00000000000
 0.00000000000 0.00000000000 0.00000000000 0.00000000000
 0.00000000000 0.00000000000 0.00000000000 0.00000000000
 0.00000000000 0.00000000000 0.00000000000 0.00000000000
 0.00000000000 0.00000000000 0.00000000000 0.00000000000
 0.00000000000 0.00000000000 0.00000000000 0.00000000000
 0.00000000000 0.00000000000 0.00000000000 0.00000000000
 0.00000000000 0.00000000000 0.00000000000 0.00000000000
 0.00000000000 0.00000000000 0.00000000000 0.00000000000
 0.00000000000 0.00000000000 0.00000000000 0.00000000000
 0.00000000000 0.00000000000 0.00000000000 0.00000000000
 0.00000000000 0.00000000000 0.00000000000 0.00000000000
 0.00000000000 0.00000000000 0.00000000000 0.00000000000
 0.00000000000 0.00000000000 0.00000000000 0.00000000000
# logsel_slope_fsh[1]:
 0.00000000000 0.00000000000 0.00000000000 0.00000000000 0.00000000000 0.00000000000 0.00000000000 0.00000000000 0.00000000000 0.00000000000 0.00000000000 0.00000000000 0.00000000000 0.00000000000 0.00000000000 0.00000000000 0.00000000000 0.00000000000 0.00000000000 0.00000000000 0.00000000000 0.00000000000 0.00000000000 0.00000000000 0.00000000000 0.00000000000 0.00000000000 0.00000000000 0.00000000000 0.00000000000 0.00000000000 0.00000000000 0.00000000000 0.00000000000 0.00000000000 0.00000000000
# logsel_slope_fsh[2]:
 0.00000000000 0.00000000000 0.00000000000 0.00000000000 0.00000000000 0.00000000000 0.00000000000 0.00000000000 0.00000000000 0.00000000000 0.00000000000 0.00000000000 0.00000000000 0.00000000000 0.00000000000 0.00000000000 0.00000000000 0.00000000000 0.00000000000 0.00000000000 0.00000000000 0.00000000000 0.00000000000 0.00000000000 0.00000000000 0.00000000000 0.00000000000 0.00000000000 0.00000000000 0.00000000000 0.00000000000 0.00000000000 0.00000000000 0.00000000000 0.00000000000 0.00000000000 0.00000000000
# logsel_slope_fsh[3]:
 0.00000000000 0.00000000000
# logsel_slope_fsh[4]:
 0.00000000000 0.00000000000 0.00000000000 0.00000000000 0.00000000000 0.00000000000 0.00000000000 0.00000000000 0.00000000000 0.00000000000 0.00000000000 0.00000000000 0.00000000000 0.00000000000 0.00000000000 0.00000000000 0.00000000000 0.00000000000 0.00000000000 0.00000000000 0.00000000000 0.00000000000 0.00000000000 0.00000000000 0.00000000000 0.00000000000 0.00000000000 0.00000000000 0.00000000000 0.00000000000 0.00000000000
# sel50_fsh[1]:
 0.00000000000 0.00000000000 0.00000000000 0.00000000000 0.00000000000 0.00000000000 0.00000000000 0.00000000000 0.00000000000 0.00000000000 0.00000000000 0.00000000000 0.00000000000 0.00000000000 0.00000000000 0.00000000000 0.00000000000 0.00000000000 0.00000000000 0.00000000000 0.00000000000 0.00000000000 0.00000000000 0.00000000000 0.00000000000 0.00000000000 0.00000000000 0.00000000000 0.00000000000 0.00000000000 0.00000000000 0.00000000000 0.00000000000 0.00000000000 0.00000000000 0.00000000000
# sel50_fsh[2]:
 0.00000000000 0.00000000000 0.00000000000 0.00000000000 0.00000000000 0.00000000000 0.00000000000 0.00000000000 0.00000000000 0.00000000000 0.00000000000 0.00000000000 0.00000000000 0.00000000000 0.00000000000 0.00000000000 0.00000000000 0.00000000000 0.00000000000 0.00000000000 0.00000000000 0.00000000000 0.00000000000 0.00000000000 0.00000000000 0.00000000000 0.00000000000 0.00000000000 0.00000000000 0.00000000000 0.00000000000 0.00000000000 0.00000000000 0.00000000000 0.00000000000 0.00000000000 0.00000000000
# sel50_fsh[3]:
 0.00000000000 0.00000000000
# sel50_fsh[4]:
 0.00000000000 0.00000000000 0.00000000000 0.00000000000 0.00000000000 0.00000000000 0.00000000000 0.00000000000 0.00000000000 0.00000000000 0.00000000000 0.00000000000 0.00000000000 0.00000000000 0.00000000000 0.00000000000 0.00000000000 0.00000000000 0.00000000000 0.00000000000 0.00000000000 0.00000000000 0.00000000000 0.00000000000 0.00000000000 0.00000000000 0.00000000000 0.00000000000 0.00000000000 0.00000000000 0.00000000000
# logsel_p1_fsh[1]:
 0.00000000000 0.00000000000 0.00000000000 0.00000000000 0.00000000000 0.00000000000 0.00000000000 0.00000000000 0.00000000000 0.00000000000 0.00000000000 0.00000000000 0.00000000000 0.00000000000 0.00000000000 0.00000000000 0.00000000000 0.00000000000 0.00000000000 0.00000000000 0.00000000000 0.00000000000 0.00000000000 0.00000000000 0.00000000000 0.00000000000 0.00000000000 0.00000000000 0.00000000000 0.00000000000 0.00000000000 0.00000000000 0.00000000000 0.00000000000 0.00000000000 0.00000000000
# logsel_p1_fsh[2]:
 0.00000000000 0.00000000000 0.00000000000 0.00000000000 0.00000000000 0.00000000000 0.00000000000 0.00000000000 0.00000000000 0.00000000000 0.00000000000 0.00000000000 0.00000000000 0.00000000000 0.00000000000 0.00000000000 0.00000000000 0.00000000000 0.00000000000 0.00000000000 0.00000000000 0.00000000000 0.00000000000 0.00000000000 0.00000000000 0.00000000000 0.00000000000 0.00000000000 0.00000000000 0.00000000000 0.00000000000 0.00000000000 0.00000000000 0.00000000000 0.00000000000 0.00000000000 0.00000000000
# logsel_p1_fsh[3]:
 0.00000000000 0.00000000000
# logsel_p1_fsh[4]:
 0.00000000000 0.00000000000 0.00000000000 0.00000000000 0.00000000000 0.00000000000 0.00000000000 0.00000000000 0.00000000000 0.00000000000 0.00000000000 0.00000000000 0.00000000000 0.00000000000 0.00000000000 0.00000000000 0.00000000000 0.00000000000 0.00000000000 0.00000000000 0.00000000000 0.00000000000 0.00000000000 0.00000000000 0.00000000000 0.00000000000 0.00000000000 0.00000000000 0.00000000000 0.00000000000 0.00000000000
# sel_p2_fsh[1]:
 0.00000000000 0.00000000000 0.00000000000 0.00000000000 0.00000000000 0.00000000000 0.00000000000 0.00000000000 0.00000000000 0.00000000000 0.00000000000 0.00000000000 0.00000000000 0.00000000000 0.00000000000 0.00000000000 0.00000000000 0.00000000000 0.00000000000 0.00000000000 0.00000000000 0.00000000000 0.00000000000 0.00000000000 0.00000000000 0.00000000000 0.00000000000 0.00000000000 0.00000000000 0.00000000000 0.00000000000 0.00000000000 0.00000000000 0.00000000000 0.00000000000 0.00000000000
# sel_p2_fsh[2]:
 0.00000000000 0.00000000000 0.00000000000 0.00000000000 0.00000000000 0.00000000000 0.00000000000 0.00000000000 0.00000000000 0.00000000000 0.00000000000 0.00000000000 0.00000000000 0.00000000000 0.00000000000 0.00000000000 0.00000000000 0.00000000000 0.00000000000 0.00000000000 0.00000000000 0.00000000000 0.00000000000 0.00000000000 0.00000000000 0.00000000000 0.00000000000 0.00000000000 0.00000000000 0.00000000000 0.00000000000 0.00000000000 0.00000000000 0.00000000000 0.00000000000 0.00000000000 0.00000000000
# sel_p2_fsh[3]:
 0.00000000000 0.00000000000
# sel_p2_fsh[4]:
 0.00000000000 0.00000000000 0.00000000000 0.00000000000 0.00000000000 0.00000000000 0.00000000000 0.00000000000 0.00000000000 0.00000000000 0.00000000000 0.00000000000 0.00000000000 0.00000000000 0.00000000000 0.00000000000 0.00000000000 0.00000000000 0.00000000000 0.00000000000 0.00000000000 0.00000000000 0.00000000000 0.00000000000 0.00000000000 0.00000000000 0.00000000000 0.00000000000 0.00000000000 0.00000000000 0.00000000000
# logsel_p3_fsh[1]:
 0.00000000000 0.00000000000 0.00000000000 0.00000000000 0.00000000000 0.00000000000 0.00000000000 0.00000000000 0.00000000000 0.00000000000 0.00000000000 0.00000000000 0.00000000000 0.00000000000 0.00000000000 0.00000000000 0.00000000000 0.00000000000 0.00000000000 0.00000000000 0.00000000000 0.00000000000 0.00000000000 0.00000000000 0.00000000000 0.00000000000 0.00000000000 0.00000000000 0.00000000000 0.00000000000 0.00000000000 0.00000000000 0.00000000000 0.00000000000 0.00000000000 0.00000000000
# logsel_p3_fsh[2]:
 0.00000000000 0.00000000000 0.00000000000 0.00000000000 0.00000000000 0.00000000000 0.00000000000 0.00000000000 0.00000000000 0.00000000000 0.00000000000 0.00000000000 0.00000000000 0.00000000000 0.00000000000 0.00000000000 0.00000000000 0.00000000000 0.00000000000 0.00000000000 0.00000000000 0.00000000000 0.00000000000 0.00000000000 0.00000000000 0.00000000000 0.00000000000 0.00000000000 0.00000000000 0.00000000000 0.00000000000 0.00000000000 0.00000000000 0.00000000000 0.00000000000 0.00000000000 0.00000000000
# logsel_p3_fsh[3]:
 0.00000000000 0.00000000000
# logsel_p3_fsh[4]:
 0.00000000000 0.00000000000 0.00000000000 0.00000000000 0.00000000000 0.00000000000 0.00000000000 0.00000000000 0.00000000000 0.00000000000 0.00000000000 0.00000000000 0.00000000000 0.00000000000 0.00000000000 0.00000000000 0.00000000000 0.00000000000 0.00000000000 0.00000000000 0.00000000000 0.00000000000 0.00000000000 0.00000000000 0.00000000000 0.00000000000 0.00000000000 0.00000000000 0.00000000000 0.00000000000 0.00000000000
# rec_dev_future:
 0.00000000000 0.00000000000 0.00000000000 0.00000000000 0.00000000000 0.00000000000 0.00000000000 0.00000000000 0.00000000000 0.00000000000
 0.00000000000 0.00000000000 0.00000000000 0.00000000000 0.00000000000 0.00000000000 0.00000000000 0.00000000000 0.00000000000 0.00000000000
# log_q_ind[1]:
-0.0667481393204
# log_q_ind[2]:
-3.07774375962
# log_q_ind[3]:
-9.54989018574
# log_q_ind[4]:
-0.794195473898
# log_q_ind[5]:
-4.05004502777
# log_q_ind[6]:
-6.39508413088
# log_q_ind[7]:
-8.22025336019
# log_q_ind[8]:
-1.04608610644
# log_q_power_ind[1]:
0.00000000000
# log_q_power_ind[2]:
0.00000000000
# log_q_power_ind[3]:
0.00000000000
# log_q_power_ind[4]:
0.00000000000
# log_q_power_ind[5]:
0.00000000000
# log_q_power_ind[6]:
0.00000000000
# log_q_power_ind[7]:
0.00000000000
# log_q_power_ind[8]:
0.00000000000
# log_rw_q_ind[1]:
 -1.21747403612
# log_rw_q_ind[3]:
 -0.292328405830
# log_selcoffs_ind[1]:
 -3.22934238284 -2.10954859476 -1.03847395554 -0.205790851597 0.259370393205 0.453811347863 0.455186496475 0.387238778435 0.330473235302 0.307270858490
 -3.19656064142 -2.25757382921 -1.34313967803 -0.507215811585 0.142140837422 0.493715415221 0.565755516943 0.476378602289 0.371333456120 0.321714610761
# log_selcoffs_ind[2]:
 -0.584260813676 -0.0801919702435 0.229346623043 0.320641522745 0.178066012713 0.00348729096641 -0.0887708425847 -0.0921680240358 -0.0732098268130 -0.0737078784954
 -0.0938321021049 0.0890410702263 0.179322281347 0.242248567397 0.202969576605 0.0673649451560 -0.0942729875701 -0.214834584680 -0.272382740272 -0.283784592954
 0.273772283532 0.227766667024 0.236661630122 0.231529210390 0.128978992439 -0.0455501098118 -0.218943615592 -0.351370272401 -0.421911562982 -0.437367889196
# log_selcoffs_ind[3]:
 -0.202940821038 0.0202027052767 0.0202027052767 0.0202027052767 0.0202027052767 0.0202027052767 0.0202027052767 0.0202027052767 0.0202027052767 0.0202027052767
# log_selcoffs_ind[4]:
 -2.40688976706 -1.41430499440 -0.569414185914 -0.0568038731079 0.121354207880 0.204106029513 0.276156084238 0.348397186164 0.407983028764 0.446025454938
 -3.02740191194 -2.17081212850 -1.33502660390 -0.624322314802 -0.111995161008 0.236714421525 0.459999150302 0.572880878924 0.579158072532 0.551349677795
# log_selcoffs_ind[5]:
 -3.04452005677 -0.669616569639 0.101782682789 0.174353368097 0.174353368097 0.174353368097 0.174353368097 0.174353368097 0.174353368097 0.174353368097
# log_selcoffs_ind[6]:
 -3.04452005677 -0.669616569639 0.101782682789 0.174353368097 0.174353368097 0.174353368097 0.174353368097 0.174353368097 0.174353368097 0.174353368097
# log_selcoffs_ind[7]:
 -3.04452005677 -0.669616569639 0.101782682789 0.174353368097 0.174353368097 0.174353368097 0.174353368097 0.174353368097 0.174353368097 0.174353368097
# log_selcoffs_ind[8]:
 -3.04452005677 -0.669616569639 0.101782682789 0.174353368097 0.174353368097 0.174353368097 0.174353368097 0.174353368097 0.174353368097 0.174353368097
# logsel_slope_ind[1]:
 0.00000000000 0.00000000000
# logsel_slope_ind[2]:
 0.00000000000 0.00000000000 0.00000000000
# logsel_slope_ind[3]:
 0.00000000000
# logsel_slope_ind[4]:
 0.00000000000 0.00000000000
# logsel_slope_ind[5]:
 0.00000000000
# logsel_slope_ind[6]:
 0.00000000000
# logsel_slope_ind[7]:
 0.00000000000
# logsel_slope_ind[8]:
 0.00000000000
# sel50_ind[1]:
 0.00000000000 0.00000000000
# sel50_ind[2]:
 0.00000000000 0.00000000000 0.00000000000
# sel50_ind[3]:
 0.00000000000
# sel50_ind[4]:
 0.00000000000 0.00000000000
# sel50_ind[5]:
 0.00000000000
# sel50_ind[6]:
 0.00000000000
# sel50_ind[7]:
 0.00000000000
# sel50_ind[8]:
 0.00000000000
# logsel_p1_ind[1]:
 0.00000000000 0.00000000000
# logsel_p1_ind[2]:
 0.00000000000 0.00000000000 0.00000000000
# logsel_p1_ind[3]:
 0.00000000000
# logsel_p1_ind[4]:
 0.00000000000 0.00000000000
# logsel_p1_ind[5]:
 0.00000000000
# logsel_p1_ind[6]:
 0.00000000000
# logsel_p1_ind[7]:
 0.00000000000
# logsel_p1_ind[8]:
 0.00000000000
# sel_p2_ind[1]:
 0.00000000000 0.00000000000
# sel_p2_ind[2]:
 0.00000000000 0.00000000000 0.00000000000
# sel_p2_ind[3]:
 0.00000000000
# sel_p2_ind[4]:
 0.00000000000 0.00000000000
# sel_p2_ind[5]:
 0.00000000000
# sel_p2_ind[6]:
 0.00000000000
# sel_p2_ind[7]:
 0.00000000000
# sel_p2_ind[8]:
 0.00000000000
# logsel_p3_ind[1]:
 0.00000000000 0.00000000000
# logsel_p3_ind[2]:
 0.00000000000 0.00000000000 0.00000000000
# logsel_p3_ind[3]:
 0.00000000000
# logsel_p3_ind[4]:
 0.00000000000 0.00000000000
# logsel_p3_ind[5]:
 0.00000000000
# logsel_p3_ind[6]:
 0.00000000000
# logsel_p3_ind[7]:
 0.00000000000
# logsel_p3_ind[8]:
 0.00000000000
