# Number of parameters = 1614 Objective function value = 1211.63866841381  Maximum gradient component = 0.000165221817678795
# Mest[1]:
0.280000000000
# Mest[2]:
0.330000000000
# log_Linf[1]:
4.29810139974
# log_Linf[2]:
4.29810139974
# log_k[1]:
-1.83258146375
# log_k[2]:
-1.83258146375
# log_Lo[1]:
2.60712428251
# log_Lo[2]:
2.60712428251
# log_sdage[1]:
-2.40794560865
# log_sdage[2]:
-2.40794560865
# mean_log_rec[1]:
9.26255397812
# mean_log_rec[2]:
7.44217672948
# mean_log_rec[3]:
6.99244033275
# steepness[1]:
0.650000000000
# steepness[2]:
0.650000000000
# steepness[3]:
0.650000000000
# log_Rzero[1]:
9.48666813120
# log_Rzero[2]:
7.62595426282
# log_Rzero[3]:
6.47698679777
# rec_dev:
 -0.0688223966399 -0.0890448994453 -0.114296705019 -0.145588287092 -0.183957052967 -0.230177976353 -0.283443520546 -0.342803195081 -0.410894249098 -0.486715078744 -0.563247164625 -0.630272095139 -0.702275396122 -0.782152725519 -0.900302602256 -0.925147951867 -0.687274926829 -0.444959319775 -0.134594801857 0.121962968140 0.178079849115 0.220972775769 0.328250968932 0.417915847555 0.943779297137 0.773907693125 0.823364969449 1.65664520183 1.56109027803 0.765190208834 0.216731443618 0.504036096341 0.729027507380 0.820063553282 0.309530828089 0.327359489662 0.0819080309756 0.224552440612 0.293242401635 0.327192489569 0.448894374790 0.570209611791 0.614075374992 0.552341580457 0.132263822073 -0.356992231603 -0.220374773073 -0.676492707134 -1.46116425295 -0.589308028958 -0.765678057210 -1.08844018530 -1.07957128371 -1.07961463616 -0.934883172772 -0.457858161404 -0.399611629565 -0.0739292377014 0.262777154569 0.658924011737 0.455163852863 0.0746718842616 0.574038958639 -0.130388522746 -0.450963846138 0.453443200700
 -0.0117446976355 -0.0159459125401 -0.0214051277875 -0.0283772554765 -0.0371409709111 -0.0478853438369 -0.0609020814685 -0.0768056168136 -0.0949901049365 -0.114710775592 -0.138198262529 -0.0204344827199 -0.0444457306714 -0.0766175947564 -0.108472131752 -0.104762278889 -0.0957238391561 -0.0791507736862 0.395531536858 0.168166405880 -0.0305506700528 -0.349750824890 0.0404352441654 0.182406583241 -0.383665142545 -1.12258435077 -0.203002210532 0.275684940102 0.623376960671 0.251569364987 -0.172263117327 -0.776029714508 -0.145516000869 0.0482862110119 -0.210389745936 0.0813613881295 0.891598996857 0.305584214586 0.472348148296 0.142002630917 1.56575501007 0.664397860158 0.286541439118 0.00249960516002 -1.33043423085 0.556114133522 0.396397299139 -0.211999773215 -2.01459977885 -1.53160127696 0.847953086610 -0.125175269451 -0.893092660534 -1.21572680292 -1.31789395235 -0.832580690554 -0.900658134164 0.464306496544 1.25341320019 0.982439406751 0.416978016622 0.369035807046 -0.551683670739 -0.881672590531 -0.415047605523 -0.0222622525151
# log_sigmar[1]:
-0.510825623766
# log_sigmar[2]:
-0.510825623766
# log_sigmar[3]:
-0.510825623766
# fmort:
 -4.70171096614 -4.28111897003 -5.00597793775 -4.67871475681 -3.91114913252 -3.58288030745 -3.25428691739 -3.27899097496 -2.61979896235 -2.72325188739 -3.00110425476 -2.62307130884 -1.88483925269 -2.82088726416 -1.93912092626 -2.51485013138 -4.93716939199 -3.68741269754 -4.12571934725 -4.25265623404 -4.31430821798 -3.98633233738 -3.92350659428 -3.75419569851 -4.19751074594 -3.90521595472 -3.41841420840 -4.44592741934 -5.62797461661 -4.98311938275 -4.54360557340 -3.92682906874 -4.82482771714 -4.41352291610 -4.28394468391 -3.76405900791 -3.65076103309 -3.20909450414 -2.73022048266 -3.02323411898 -2.49710818598 -4.13497609268 -5.15511943951 -4.68716191686 -4.66176787326 -4.33802805464 -4.65155512466 -4.23306007633 -5.40203292256 -5.71163582923 -4.56683824785 -4.57735650154 -4.72551797348 -4.89416228211 -4.77985646622
 -7.08903623431 -6.64127432068 -6.16122064857 -5.55787885999 -5.76560595000 -5.04752406524 -4.51834548885 -4.19117001396 -3.73512869302 -3.52655320835 -3.40949923596 -2.67151192104 -2.42911701281 -2.69814427406 -2.29978818637 -1.90379257195 -1.70591682066 -1.39619266873 -1.21498468726 -1.08906137897 -1.07978876211 -0.854376458302 -0.566455055403 -0.529023671798 -0.319364224708 -0.0202355405692 -0.0563568075001 -0.0769137357955 -0.631763331507 -1.09549254199 -1.45149859453 -1.30314244635 -1.24484407296 -1.32792113269 -1.31432319521 -1.27595424993 -1.18460897097 -0.990252898183 -1.14425001797 -0.852340891421 -1.39672609999 -1.72775119660 -2.02699547522 -2.18711426578 -2.23017167249 -2.08396141160 -2.03508436662 -1.96149115539 -1.83343883386 -1.97071470451 -2.05688969072 -2.10195381582 -2.22450709302 -2.17223283273 -1.94487914885
 -6.62606594723 -5.93618609120 -5.07585919957 -4.29047784302 -3.10602712487 -4.26347733049 -3.93531580370 -1.32219243296 -1.20451329605 -1.34239015704 -1.10891050972 -0.565421131187 -1.50867880759 -2.04986268500 -2.01989875632 -2.70784937687 -3.32446559124 -3.23104193161 -1.91783671791 -1.97122635281 -1.84592419540 -2.12834681471 -2.59441308579 -2.29667555974 -1.95758292825 -0.581625674475 -0.0190823350924 0.439723033826 0.954969828175 -0.381631544047 -0.545402508445 0.490647623133 -1.17407326944 -1.11380609624 -1.06662848005 -1.68783967717 -0.759727981338 -0.713711679750 -0.706691422762 -0.632103693820 -2.16192545254 -0.612894316342 -0.937528726879 -1.46303299566 -1.27883678864 -2.35582283725 -3.09233155729 -4.10096841203 -2.95433212828 -2.81113127813 -3.16282785513 -3.30334618504 -2.88675279285 -2.17465130669 -1.69530975915
 -9.63959096841 -9.58066936996 -7.81351451370 -9.45413945731 -9.38226997670 -9.29902525764 -9.16300903909 -8.27558155319 -5.03024015965 -2.86176796531 -2.73608298422 -2.27342748124 -1.44493456850 -0.897505499266 -0.489736198492 -0.757165312822 -1.00705786203 -1.37618771793 -1.75405199536 -2.10038007744 -2.40576371352 -3.02858566942 -5.58996809197 -9.08402882114 -8.89355249683 -8.59475226625 -8.24623601589 -7.92767643383 -7.79492415530 -7.87030622955 -7.32175745887 -5.43412096071 -4.33032531894 -3.79106842773 -3.17997210930 -3.31789664844 -2.84651959695 -2.43815808796 -2.23675708006 -1.96384130144 -2.10543470845 -3.32520327344 -3.72878526448 -3.74064577408 -3.37125245999 -3.22159727317 -3.74065399035 -3.84693905310 -3.89626167577 -4.11601535271 -6.69673421419 -4.39022608931 -4.37519422642 -4.06892419130 -5.06637366131
# log_selcoffs_fsh[1]:
 -3.74069258098 -2.08737099053 -1.08716663543 -0.116402923970 0.762604379740 0.988421788149 0.438946775096 -0.260641950981 -0.749737865543
 -3.33206845459 -1.66605370793 -0.955883637219 -0.188701108389 0.623046944439 0.917569168952 0.522131780193 -0.0853519188059 -0.525637879891
 -3.01884852505 -1.56748798422 -0.738088178754 0.0431752504089 0.613404481010 0.759852062177 0.455852391174 -0.0216069307728 -0.386226832415
 -2.62512020445 -1.35354082321 -0.724984476375 -0.0888174347421 0.671873493280 0.755568624231 0.396421267961 -0.0304565561075 -0.319270970527
 -1.96476932078 -0.457914546617 -0.173262224681 0.0662710652044 0.352376374773 0.486311774954 0.326168927376 0.0455829245882 -0.178243193631
 -1.82418747323 -0.615713743113 0.338862874570 0.551271347168 0.247721611474 0.140739138474 0.0444923112989 -0.108543468375 -0.242424664950
 -1.52563040850 -0.451541153571 0.449050312042 0.666634362693 0.261873663091 -0.0230233620496 -0.160679105329 -0.252474851437 -0.319747799618
 -1.11329202761 -0.257395359757 0.520834489158 0.732552644181 0.184498604612 -0.155587839948 -0.321242776558 -0.383138381381 -0.401743254919
 -0.820851048832 0.189375254307 0.433268288450 0.557178282380 0.278746383022 -0.173120541482 -0.415817807358 -0.482011828499 -0.472293473233
 -0.568244896535 0.349402423511 0.539303718580 0.544146205780 0.132021641896 -0.307343703339 -0.547427256258 -0.593692484193 -0.562011327312
 -0.0380742981661 0.899088974445 0.428815064634 0.140050155758 -0.234035793774 -0.531684052905 -0.688221724716 -0.704591014206 -0.656816864323
 0.187428786039 0.853682961054 0.594446158232 0.102955741210 -0.432250921245 -0.696142108386 -0.800516725048 -0.796356853698 -0.739212964111
 -0.0292110945478 1.13312498341 0.625413631498 -0.119480810582 -0.657895932166 -0.876343908381 -0.930478093679 -0.898988924768 -0.840591971529
 0.222042284028 1.16994489839 0.560325422834 -0.217400668264 -0.786576465392 -0.987044830565 -1.01775167829 -0.967556409384 -0.905804997684
 0.247296249455 1.21832661411 0.541615437941 -0.272489756956 -0.844405807993 -1.05213713005 -1.08253935472 -1.02693141394 -0.962824056305
 -0.168942266312 1.30101792087 0.651833364633 -0.230735385295 -0.872767793683 -1.10035374816 -1.13907258281 -1.08473403668 -1.01957319703
 -0.0882274515583 1.33398749480 0.592584654708 -0.264144235646 -0.896252539156 -1.13089449962 -1.17489329709 -1.12403394783 -1.05808977402
 0.444021061983 1.12932682201 0.640513564625 -0.266846674816 -0.913534130776 -1.14740852980 -1.19222989526 -1.14014290104 -1.07195618996
 0.745015710140 1.11791956256 0.414078231760 -0.362240515737 -0.956692222426 -1.18527457905 -1.22795148238 -1.17109747310 -1.09898795072
 0.476439315777 1.21165533334 0.564042719323 -0.351238170336 -1.00184358741 -1.23381952918 -1.26698667328 -1.19748632311 -1.11768099371
 0.568959281036 1.29203688737 0.393193432614 -0.482909473772 -1.08484210603 -1.29579157376 -1.31370407942 -1.22698232633 -1.13614830580
 0.577219484784 1.28172939054 0.484457713008 -0.565183262536 -1.18430650981 -1.36646068316 -1.35739391674 -1.24780503198 -1.14233175061
 0.760277551011 1.23767832346 0.382132540186 -0.590361352063 -1.22285777478 -1.40920007590 -1.38760489508 -1.25747707277 -1.13560577349
 0.460246859739 1.39665682550 0.367585268509 -0.613702320113 -1.22880331841 -1.42218475048 -1.40250576154 -1.26096236809 -1.12364198218
 0.601416834939 1.30816402446 0.371100332887 -0.544131837145 -1.16355158106 -1.38457941147 -1.37973714858 -1.23063917107 -1.07971012101
 0.671826472247 1.17167462819 0.446512388217 -0.365584246556 -1.06771500338 -1.31660749668 -1.31510745900 -1.16446805403 -1.00571310217
 0.305728506552 1.23074001576 0.532724597487 -0.239413990315 -0.959713403000 -1.20693980252 -1.20390455123 -1.06256976463 -0.915624472305
 0.326481408940 1.23957048074 0.430731449439 -0.354782339996 -0.907454922041 -1.09312824131 -1.06447141602 -0.934037110991 -0.813082520049
 1.07481774789 0.778479201032 0.0913636773828 -0.521824698150 -0.880552867057 -0.965060821606 -0.893224066087 -0.752116533741 -0.640432586921
 0.665987811959 1.02483011105 0.113926835904 -0.582671492550 -0.836046201449 -0.824681047708 -0.701260090921 -0.549579040233 -0.441699746200
 0.431089990369 1.01220934746 2.60634117998e-05 -0.567833692756 -0.710404416173 -0.648518310635 -0.488467759844 -0.330263995178 -0.228094219917
 0.340888772984 0.668613127806 -0.0316992867729 -0.439531669274 -0.500827451679 -0.400399507261 -0.228166368545 -0.0698906236888 0.0242723894287
 -0.543015060170 0.361690585572 0.0294108941088 -0.212112117673 -0.195701365568 -0.126678682574 0.0300100393818 0.148394645497 0.223799218776
 -1.01968779011 -0.337032525927 -0.321447008547 -0.130944918316 0.0718807564305 0.114425400840 0.305098868515 0.311817160092 0.339767855986
 -0.613099961161 -0.117326626965 -0.590905206583 -0.553325118054 -0.226530676641 0.0605116682116 0.309232535141 0.442784448337 0.507471111740
 -0.0333242268975 -0.943655295590 -1.05371915024 -0.727819094557 -0.295512945673 0.0796602887196 0.370145773608 0.535190640991 0.603870082388
 -1.20969513982 -1.29834893220 -1.16003727600 -0.627921985144 -0.125449801632 0.196852049671 0.497673508905 0.636257304398 0.666600536690
 -1.87392875985 -1.43417533266 -1.17616329943 -0.630615263797 -0.106596045492 0.277147803050 0.506452978951 0.647373026351 0.682735283627
 -2.00644048673 -1.96861989248 -1.67726457642 -0.991746024203 -0.175047235381 0.388588234471 0.673489339465 0.704879299564 0.625449458839
 -2.24544534932 -2.25373820285 -1.87217112215 -1.10032624461 -0.249534276928 0.441131242259 0.748004878193 0.710079439054 0.599934923265
 -2.13694955395 -2.17635115111 -1.81199766566 -1.08203595946 -0.307599131105 0.303202588660 0.688414204801 0.778731761697 0.696957985189
 -2.23493365107 -2.10296539738 -1.71292226925 -1.05433706486 -0.286705348055 0.317667507008 0.653341703500 0.755970469885 0.725548277675
# log_selcoffs_fsh[2]:
 -2.22729116881 -0.272734546900 0.485334096501 0.784784697561 0.556134031871 0.0851617301433 -0.252280087551 -0.460520853694 -0.578262809129 -0.668322186063
 -2.23863408385 -0.314980894786 -0.281591913891 0.267305239311 0.694378529502 0.583840517587 0.153553199136 -0.212035370002 -0.378655997300 -0.434620626324
 -2.78483118807 -0.980599872507 -0.473274137530 0.0854434096818 0.627013086455 0.702315876201 0.327424230849 -0.0436256922700 -0.199103586367 -0.227633844020
 -3.19335445165 -1.62719758464 -0.748998664743 -0.175552675772 0.505491476155 0.757407346731 0.407532054891 0.110469042532 0.0166023524797 0.0231964127677
 -2.77521359783 -1.25111075684 -1.18957260572 -0.673999328390 0.171536546418 0.627571556955 0.464695041978 0.314995877898 0.316444146985 0.366900019990
 -2.34401880795 -1.25490301324 -1.06422891940 -0.973323958383 -0.445116995734 0.0734725403567 0.347456755427 0.508552083207 0.662283920432 0.770842653484
 -2.99437848717 -1.73913392939 -0.896939148954 -0.766460073910 -0.656466570445 -0.301316445975 0.125329732661 0.509786058365 0.799106048210 0.963653179134
 -3.55092903545 -2.54040629096 -1.74764286811 -1.05268005298 -0.488771724512 -0.0946702615929 0.231805465182 0.488697580228 0.805582996667 0.999588473843
 -3.82419135654 -2.80168304423 -2.16051815018 -1.46087434228 -0.650730777684 -0.0880853831421 0.330994446509 0.634151161794 0.841151107943 0.930588958663
 -3.89791167160 -2.69199703097 -1.99081110166 -1.49622134777 -1.01584029789 -0.365724671703 0.223364442197 0.774985673598 0.987149784782 0.871798328876
 -3.71722592519 -2.24516236621 -1.53385838994 -1.10820335491 -0.761609815402 -0.494995295146 0.0201771725627 0.658964373820 0.988294627074 0.958440470661
 -3.60977445004 -2.14151852855 -1.34696509291 -0.933450427751 -0.587606014584 -0.266760970679 0.256856857217 0.644127406608 0.833329052732 0.868183996437
 -3.23907325491 -1.44846051589 -0.872013554978 -0.547796900459 -0.318318108336 -0.238603931760 0.147274244017 0.488341830624 0.731202182751 0.853810332839
 -2.79901513696 -1.02489210781 -0.486755367820 -0.335027979909 -0.268962310707 -0.158255563411 0.101721021214 0.385171275120 0.631135505991 0.777429173811
 -2.38826610908 -0.410657341198 -0.180646577747 -0.331369201051 -0.442819886684 -0.311700951624 0.0161447650700 0.322404200491 0.591425080117 0.748876987686
 -2.03265771342 -0.0512574378850 -0.182617987729 -0.378939535703 -0.538625415657 -0.409347119281 -0.0837852824806 0.252289026034 0.568095149073 0.780321410703
 -1.59909835283 -0.0605934810242 -0.131075398645 -0.318759887137 -0.524305299359 -0.494576293346 -0.197303788527 0.173440636758 0.553485237666 0.833379694687
 -1.88104026869 -0.0780891000379 0.0831160092086 -0.141135892950 -0.434690578438 -0.452735665830 -0.208017718547 0.147689059246 0.484229286918 0.737177236104
 -2.17820558494 -0.332641885959 0.0601647121490 -0.0688519285768 -0.326457066977 -0.339473542822 -0.103865240386 0.211355600472 0.493886249246 0.675625176771
 -2.31052219180 -0.678233481374 -0.273612450937 -0.113521964665 -0.236807446954 -0.229601743322 0.00865953764100 0.318750667678 0.561985126073 0.701966413345
 -2.40522663618 -0.818300178332 -0.317357293097 -0.0924498440640 -0.220135030966 -0.248499488923 -0.00247243599836 0.333691516625 0.587086864125 0.719810471159
 -2.58490773496 -0.943296253149 -0.360103294756 -0.0584053775902 -0.143177988173 -0.174059431607 0.0517068772749 0.340142745200 0.561442076358 0.681136260564
 -2.82778751807 -1.40475252728 -0.508745291104 0.0187375531791 0.0305285133771 -0.0454616204867 0.117480577487 0.360371228399 0.531420669845 0.603682075968
 -2.96930075583 -1.70359822951 -0.826353359559 -0.198514906170 0.126062351362 0.109186509934 0.296712173959 0.471645996036 0.531812897532 0.475766568817
 -3.05440965419 -1.52578877669 -0.781113622350 -0.424428447604 -0.0311546056860 0.181536551071 0.360190976547 0.573585700018 0.542576514298 0.422860005917
 -3.17318798825 -1.86695089308 -0.988661918095 -0.161923443886 0.213431299981 0.287553032302 0.313766372802 0.451302898542 0.486218512957 0.367966310814
 -3.28674407250 -1.64624234624 -0.918306833442 0.0411486083066 0.414532205437 0.474827170066 0.401591670440 0.306182189595 0.196816880043 0.128656733505
 -3.42018008290 -1.24060718150 -0.700358462502 0.00180136299919 0.373198225201 0.416588017352 0.682302080271 0.384964254759 -0.0502376089054 -0.208584070758
 -3.53869526153 -1.85095441751 -0.901307777838 0.107612054297 0.520170940427 0.550742964518 0.713643360263 0.250080467454 -0.162141206908 -0.354554197346
 -3.62552790712 -1.76683756670 -0.405020458545 0.330949601441 0.789552783690 0.525053133263 0.295568836436 -0.00151672517741 -0.231239874951 -0.336374451399
 -3.47327414531 -1.32686342885 -0.101932201230 0.490970103065 0.487494593982 0.260613409539 0.189181664505 0.0888384210909 -0.00264910168003 -0.0595284487010
 -3.40416279854 -1.45958988712 -0.449105577560 0.0787433687220 0.398736438759 0.363190529636 0.214550546602 0.257054621159 0.261091961116 0.227685323467
 -2.95338575593 -0.910265157261 -0.685275465131 -0.380928311521 0.0303859631313 0.233908871443 0.263774075529 0.375983068954 0.500167414418 0.504770844317
 -3.53698564082 -1.38174638995 -0.652039898205 -0.181712015349 0.0992368352624 0.252282543457 0.311721140285 0.401546080808 0.443149011155 0.442206785943
 -3.86635039377 -1.83057043560 -1.06973364544 -0.531078762633 0.0288159715530 0.300682550871 0.437040062677 0.524864609248 0.530727747470 0.450527809407
 -4.28659327377 -2.30317788818 -1.24684304267 -0.660924437116 -0.175605693287 0.148835398723 0.418990591272 0.603044140547 0.638359969230 0.610645266270
 -4.62226955540 -2.89275268130 -1.68811266091 -0.808923836924 -0.0749451398797 0.235496825715 0.514481326326 0.653280702438 0.596489413868 0.531139757058
 -4.76897276047 -3.10226681554 -2.18210347811 -1.26911367285 -0.341271121055 0.270691606893 0.580445636727 0.727960897376 0.647838510770 0.566363888263
 -4.88404807430 -3.29567345570 -2.05043453943 -1.35740438636 -0.513153237036 0.0697076050959 0.463084032817 0.675272731674 0.750293709361 0.800846864430
 -4.89189882171 -3.54393605037 -2.21311879017 -1.26756765459 -0.706843918083 -0.120242030867 0.300119963447 0.593190864496 0.788222148559 1.04153300255
 -4.82886398844 -3.41952095634 -2.10598398470 -0.982432712295 -0.529650163076 -0.304730202256 0.0277456805346 0.361448030652 0.789291760689 1.24462741956
 -4.80863131691 -3.37697719790 -2.04200871366 -1.02283700858 -0.420397029280 -0.228532537067 -0.0633304474403 0.279711371285 0.786182060112 1.26961494981
# log_selcoffs_fsh[3]:
 -4.64869183482 -2.05029801689 0.266510406744 1.23978402391 0.263404163295 -0.680940804062 -1.22428534115
 -4.74090177421 -1.23365300185 0.507007260850 0.809649173078 0.470506210689 -0.216020612506 -0.951697638332
# log_selcoffs_fsh[4]:
 -3.18044101102 -2.73266325986 -2.24523766680 -1.67497733130 -1.00899747151 -0.285673880007 0.401144373641 0.938131136689 1.23411757438
 -3.16650557303 -2.72646116846 -2.24678313216 -1.68242395228 -1.01851957093 -0.293214033080 0.398725249048 0.939710845764 1.23680202744
 -3.13900135361 -2.71383110280 -2.25014409384 -1.69625977244 -1.03455820198 -0.303577131203 0.397470862990 0.942182062339 1.23966419925
 -3.09727667680 -2.68864705365 -2.25072227023 -1.72226340675 -1.06172730175 -0.315085716157 0.398934863487 0.947979911436 1.24027341252
 -3.03438587859 -2.63909420406 -2.22726491148 -1.73195415176 -1.10027918305 -0.339343107587 0.404533929915 0.956509237330 1.23822729662
 -2.94419170308 -2.54479257302 -2.16735566848 -1.71529835005 -1.09029823959 -0.336929267766 0.412734467531 0.961443429757 1.22318346223
 -2.83410383594 -2.42864015738 -2.01641802668 -1.61213572114 -1.03961681164 -0.286462146026 0.450101666936 0.958692110312 1.17533236156
 -2.70680311456 -2.30707751740 -1.89041022262 -1.43630064344 -0.911991124010 -0.233922791531 0.456136300948 0.938682495065 1.13692227366
 -2.52846354649 -2.13541102613 -1.74225642053 -1.29648352091 -0.757096493401 -0.145160475544 0.464362313580 0.897022640897 1.09064929493
 -2.32625467756 -1.90427599155 -1.49175179643 -1.11227797423 -0.651287675641 -0.0924205770693 0.447461000730 0.852305707079 1.04982213499
 -2.12956894899 -1.67536395470 -1.22412138062 -0.820539543961 -0.493292408500 -0.0856088282665 0.392828900315 0.789710050579 1.01057236950
 -1.95157736773 -1.49497504375 -1.02942537345 -0.591612860770 -0.256031976894 -0.0192344907069 0.321517976191 0.698298026846 0.947182728258
 -1.79685199248 -1.34586414984 -0.905038816036 -0.484811236790 -0.134996996191 0.105059616800 0.326279894689 0.615283088804 0.847175079843
 -1.64990926241 -1.20673192397 -0.781118353576 -0.398776237116 -0.0897381449488 0.143794174289 0.354789571442 0.577134862392 0.743887256664
 -1.50488698644 -1.06770485410 -0.657214664189 -0.305596535024 -0.0312696203776 0.176435274475 0.355667426895 0.524185909849 0.642273065106
 -1.36511416209 -0.929853967449 -0.531194213272 -0.209316568576 0.0292036502046 0.200042455040 0.338657780484 0.459442524551 0.538627406136
 -1.22847159190 -0.788953673180 -0.398387492879 -0.109621144357 0.0830259627396 0.207636274368 0.305220237289 0.386561670530 0.431259278475
 -1.09986018872 -0.630277122381 -0.240346681281 0.0135662413218 0.146446359739 0.198175347455 0.238578930032 0.278800568410 0.312433884707
 -0.999089807910 -0.488189224509 -0.0555483251551 0.116260050252 0.185209624290 0.188448657598 0.158722617370 0.164062336656 0.171975077153
 -0.958563485957 -0.408574111196 0.0739046055012 0.293662878023 0.216785557861 0.142879490652 0.0761739985837 0.0313036451202 0.0269399815044
 -0.947183300057 -0.373112123136 0.0512152154830 0.328349125387 0.323916452774 0.148328969552 0.0308855838809 -0.0388921710916 -0.0547635795344
 -0.980534116658 -0.385042965617 0.0470055294959 0.233661345849 0.323041814182 0.215565060914 0.0924972813275 -0.0123748613821 -0.0762051548805
 -1.06750812994 -0.533000030704 -0.0786823443323 0.171592803599 0.261346469070 0.259168337698 0.188772181205 0.105187601440 0.0435879101376
 -1.21306127947 -0.715085887214 -0.289597608312 0.0290511747592 0.221141951937 0.302705392833 0.291874939252 0.242857487732 0.199410934343
 -1.35914664473 -0.873194865440 -0.434503866903 -0.0829253681384 0.181244675868 0.325132520413 0.350822460574 0.331910691340 0.308008930164
 -1.52067013072 -1.04405941914 -0.613240060851 -0.207938278211 0.120238661865 0.328437540080 0.412985365729 0.423492764445 0.418966415809
 -1.69131020486 -1.19065896422 -0.827910960763 -0.379684371900 0.0629060254075 0.323092093352 0.454584426646 0.514960658675 0.527831521184
 -1.84630607626 -1.43420081978 -0.999791453436 -0.435737997972 -0.0102841487338 0.200392125145 0.403784901445 0.594991350226 0.726090789146
 -1.36263578657 -1.41092794673 -1.12336274669 -0.715448531833 -0.267090700742 0.0999914426597 0.405229829571 0.671746835264 0.857760615322
 -1.76156335273 -1.43122195651 -1.23990698609 -0.853662513594 -0.366341152127 0.0664552809243 0.416985420804 0.720679051930 0.931673896172
 -1.66338340649 -1.26302219371 -1.20651836681 -1.01054337964 -0.640171682102 -0.178573533951 0.329484484860 0.777965047723 1.07619400787
 -1.47481802130 -0.837175612156 -0.911848641754 -0.981510828283 -0.765658690936 -0.340545374659 0.187822733495 0.731431234764 1.13160875604
 -1.48547984794 -0.477603824811 -0.146893374135 -0.504525710533 -0.590812894245 -0.427694568507 -0.00664288232956 0.553893998566 1.01046513814
 -1.36831970453 -0.164216545763 -0.133695755015 -0.324917937847 -0.480284826245 -0.431022039297 -0.0584843950609 0.481812499473 0.903737716776
 -1.35374706801 -0.468969098693 -0.100121393419 -0.0117271358947 -0.408756555329 -0.491789263986 -0.138979654433 0.438273965013 0.926926387376
 -1.30704249624 -0.528918231686 -0.0779284801303 -0.0691762673525 -0.343475143814 -0.426225748623 -0.118708757109 0.437269269687 0.909522513779
# log_sel_spl_fsh[1]:
 0.00000000000 0.00000000000 0.00000000000 0.00000000000
 0.00000000000 0.00000000000 0.00000000000 0.00000000000
 0.00000000000 0.00000000000 0.00000000000 0.00000000000
 0.00000000000 0.00000000000 0.00000000000 0.00000000000
 0.00000000000 0.00000000000 0.00000000000 0.00000000000
 0.00000000000 0.00000000000 0.00000000000 0.00000000000
 0.00000000000 0.00000000000 0.00000000000 0.00000000000
 0.00000000000 0.00000000000 0.00000000000 0.00000000000
 0.00000000000 0.00000000000 0.00000000000 0.00000000000
 0.00000000000 0.00000000000 0.00000000000 0.00000000000
 0.00000000000 0.00000000000 0.00000000000 0.00000000000
 0.00000000000 0.00000000000 0.00000000000 0.00000000000
 0.00000000000 0.00000000000 0.00000000000 0.00000000000
 0.00000000000 0.00000000000 0.00000000000 0.00000000000
 0.00000000000 0.00000000000 0.00000000000 0.00000000000
 0.00000000000 0.00000000000 0.00000000000 0.00000000000
 0.00000000000 0.00000000000 0.00000000000 0.00000000000
 0.00000000000 0.00000000000 0.00000000000 0.00000000000
 0.00000000000 0.00000000000 0.00000000000 0.00000000000
 0.00000000000 0.00000000000 0.00000000000 0.00000000000
 0.00000000000 0.00000000000 0.00000000000 0.00000000000
 0.00000000000 0.00000000000 0.00000000000 0.00000000000
 0.00000000000 0.00000000000 0.00000000000 0.00000000000
 0.00000000000 0.00000000000 0.00000000000 0.00000000000
 0.00000000000 0.00000000000 0.00000000000 0.00000000000
 0.00000000000 0.00000000000 0.00000000000 0.00000000000
 0.00000000000 0.00000000000 0.00000000000 0.00000000000
 0.00000000000 0.00000000000 0.00000000000 0.00000000000
 0.00000000000 0.00000000000 0.00000000000 0.00000000000
 0.00000000000 0.00000000000 0.00000000000 0.00000000000
 0.00000000000 0.00000000000 0.00000000000 0.00000000000
 0.00000000000 0.00000000000 0.00000000000 0.00000000000
 0.00000000000 0.00000000000 0.00000000000 0.00000000000
 0.00000000000 0.00000000000 0.00000000000 0.00000000000
 0.00000000000 0.00000000000 0.00000000000 0.00000000000
 0.00000000000 0.00000000000 0.00000000000 0.00000000000
 0.00000000000 0.00000000000 0.00000000000 0.00000000000
 0.00000000000 0.00000000000 0.00000000000 0.00000000000
 0.00000000000 0.00000000000 0.00000000000 0.00000000000
 0.00000000000 0.00000000000 0.00000000000 0.00000000000
 0.00000000000 0.00000000000 0.00000000000 0.00000000000
 0.00000000000 0.00000000000 0.00000000000 0.00000000000
# log_sel_spl_fsh[2]:
 0.00000000000 0.00000000000 0.00000000000 0.00000000000
 0.00000000000 0.00000000000 0.00000000000 0.00000000000
 0.00000000000 0.00000000000 0.00000000000 0.00000000000
 0.00000000000 0.00000000000 0.00000000000 0.00000000000
 0.00000000000 0.00000000000 0.00000000000 0.00000000000
 0.00000000000 0.00000000000 0.00000000000 0.00000000000
 0.00000000000 0.00000000000 0.00000000000 0.00000000000
 0.00000000000 0.00000000000 0.00000000000 0.00000000000
 0.00000000000 0.00000000000 0.00000000000 0.00000000000
 0.00000000000 0.00000000000 0.00000000000 0.00000000000
 0.00000000000 0.00000000000 0.00000000000 0.00000000000
 0.00000000000 0.00000000000 0.00000000000 0.00000000000
 0.00000000000 0.00000000000 0.00000000000 0.00000000000
 0.00000000000 0.00000000000 0.00000000000 0.00000000000
 0.00000000000 0.00000000000 0.00000000000 0.00000000000
 0.00000000000 0.00000000000 0.00000000000 0.00000000000
 0.00000000000 0.00000000000 0.00000000000 0.00000000000
 0.00000000000 0.00000000000 0.00000000000 0.00000000000
 0.00000000000 0.00000000000 0.00000000000 0.00000000000
 0.00000000000 0.00000000000 0.00000000000 0.00000000000
 0.00000000000 0.00000000000 0.00000000000 0.00000000000
 0.00000000000 0.00000000000 0.00000000000 0.00000000000
 0.00000000000 0.00000000000 0.00000000000 0.00000000000
 0.00000000000 0.00000000000 0.00000000000 0.00000000000
 0.00000000000 0.00000000000 0.00000000000 0.00000000000
 0.00000000000 0.00000000000 0.00000000000 0.00000000000
 0.00000000000 0.00000000000 0.00000000000 0.00000000000
 0.00000000000 0.00000000000 0.00000000000 0.00000000000
 0.00000000000 0.00000000000 0.00000000000 0.00000000000
 0.00000000000 0.00000000000 0.00000000000 0.00000000000
 0.00000000000 0.00000000000 0.00000000000 0.00000000000
 0.00000000000 0.00000000000 0.00000000000 0.00000000000
 0.00000000000 0.00000000000 0.00000000000 0.00000000000
 0.00000000000 0.00000000000 0.00000000000 0.00000000000
 0.00000000000 0.00000000000 0.00000000000 0.00000000000
 0.00000000000 0.00000000000 0.00000000000 0.00000000000
 0.00000000000 0.00000000000 0.00000000000 0.00000000000
 0.00000000000 0.00000000000 0.00000000000 0.00000000000
 0.00000000000 0.00000000000 0.00000000000 0.00000000000
 0.00000000000 0.00000000000 0.00000000000 0.00000000000
 0.00000000000 0.00000000000 0.00000000000 0.00000000000
 0.00000000000 0.00000000000 0.00000000000 0.00000000000
# log_sel_spl_fsh[3]:
 0.00000000000 0.00000000000 0.00000000000 0.00000000000
 0.00000000000 0.00000000000 0.00000000000 0.00000000000
# log_sel_spl_fsh[4]:
 0.00000000000 0.00000000000 0.00000000000 0.00000000000
 0.00000000000 0.00000000000 0.00000000000 0.00000000000
 0.00000000000 0.00000000000 0.00000000000 0.00000000000
 0.00000000000 0.00000000000 0.00000000000 0.00000000000
 0.00000000000 0.00000000000 0.00000000000 0.00000000000
 0.00000000000 0.00000000000 0.00000000000 0.00000000000
 0.00000000000 0.00000000000 0.00000000000 0.00000000000
 0.00000000000 0.00000000000 0.00000000000 0.00000000000
 0.00000000000 0.00000000000 0.00000000000 0.00000000000
 0.00000000000 0.00000000000 0.00000000000 0.00000000000
 0.00000000000 0.00000000000 0.00000000000 0.00000000000
 0.00000000000 0.00000000000 0.00000000000 0.00000000000
 0.00000000000 0.00000000000 0.00000000000 0.00000000000
 0.00000000000 0.00000000000 0.00000000000 0.00000000000
 0.00000000000 0.00000000000 0.00000000000 0.00000000000
 0.00000000000 0.00000000000 0.00000000000 0.00000000000
 0.00000000000 0.00000000000 0.00000000000 0.00000000000
 0.00000000000 0.00000000000 0.00000000000 0.00000000000
 0.00000000000 0.00000000000 0.00000000000 0.00000000000
 0.00000000000 0.00000000000 0.00000000000 0.00000000000
 0.00000000000 0.00000000000 0.00000000000 0.00000000000
 0.00000000000 0.00000000000 0.00000000000 0.00000000000
 0.00000000000 0.00000000000 0.00000000000 0.00000000000
 0.00000000000 0.00000000000 0.00000000000 0.00000000000
 0.00000000000 0.00000000000 0.00000000000 0.00000000000
 0.00000000000 0.00000000000 0.00000000000 0.00000000000
 0.00000000000 0.00000000000 0.00000000000 0.00000000000
 0.00000000000 0.00000000000 0.00000000000 0.00000000000
 0.00000000000 0.00000000000 0.00000000000 0.00000000000
 0.00000000000 0.00000000000 0.00000000000 0.00000000000
 0.00000000000 0.00000000000 0.00000000000 0.00000000000
 0.00000000000 0.00000000000 0.00000000000 0.00000000000
 0.00000000000 0.00000000000 0.00000000000 0.00000000000
 0.00000000000 0.00000000000 0.00000000000 0.00000000000
 0.00000000000 0.00000000000 0.00000000000 0.00000000000
 0.00000000000 0.00000000000 0.00000000000 0.00000000000
# logsel_slope_fsh[1]:
 0.00000000000 0.00000000000 0.00000000000 0.00000000000 0.00000000000 0.00000000000 0.00000000000 0.00000000000 0.00000000000 0.00000000000 0.00000000000 0.00000000000 0.00000000000 0.00000000000 0.00000000000 0.00000000000 0.00000000000 0.00000000000 0.00000000000 0.00000000000 0.00000000000 0.00000000000 0.00000000000 0.00000000000 0.00000000000 0.00000000000 0.00000000000 0.00000000000 0.00000000000 0.00000000000 0.00000000000 0.00000000000 0.00000000000 0.00000000000 0.00000000000 0.00000000000 0.00000000000 0.00000000000 0.00000000000 0.00000000000 0.00000000000 0.00000000000
# logsel_slope_fsh[2]:
 0.00000000000 0.00000000000 0.00000000000 0.00000000000 0.00000000000 0.00000000000 0.00000000000 0.00000000000 0.00000000000 0.00000000000 0.00000000000 0.00000000000 0.00000000000 0.00000000000 0.00000000000 0.00000000000 0.00000000000 0.00000000000 0.00000000000 0.00000000000 0.00000000000 0.00000000000 0.00000000000 0.00000000000 0.00000000000 0.00000000000 0.00000000000 0.00000000000 0.00000000000 0.00000000000 0.00000000000 0.00000000000 0.00000000000 0.00000000000 0.00000000000 0.00000000000 0.00000000000 0.00000000000 0.00000000000 0.00000000000 0.00000000000 0.00000000000
# logsel_slope_fsh[3]:
 0.00000000000 0.00000000000
# logsel_slope_fsh[4]:
 0.00000000000 0.00000000000 0.00000000000 0.00000000000 0.00000000000 0.00000000000 0.00000000000 0.00000000000 0.00000000000 0.00000000000 0.00000000000 0.00000000000 0.00000000000 0.00000000000 0.00000000000 0.00000000000 0.00000000000 0.00000000000 0.00000000000 0.00000000000 0.00000000000 0.00000000000 0.00000000000 0.00000000000 0.00000000000 0.00000000000 0.00000000000 0.00000000000 0.00000000000 0.00000000000 0.00000000000 0.00000000000 0.00000000000 0.00000000000 0.00000000000 0.00000000000
# sel50_fsh[1]:
 0.00000000000 0.00000000000 0.00000000000 0.00000000000 0.00000000000 0.00000000000 0.00000000000 0.00000000000 0.00000000000 0.00000000000 0.00000000000 0.00000000000 0.00000000000 0.00000000000 0.00000000000 0.00000000000 0.00000000000 0.00000000000 0.00000000000 0.00000000000 0.00000000000 0.00000000000 0.00000000000 0.00000000000 0.00000000000 0.00000000000 0.00000000000 0.00000000000 0.00000000000 0.00000000000 0.00000000000 0.00000000000 0.00000000000 0.00000000000 0.00000000000 0.00000000000 0.00000000000 0.00000000000 0.00000000000 0.00000000000 0.00000000000 0.00000000000
# sel50_fsh[2]:
 0.00000000000 0.00000000000 0.00000000000 0.00000000000 0.00000000000 0.00000000000 0.00000000000 0.00000000000 0.00000000000 0.00000000000 0.00000000000 0.00000000000 0.00000000000 0.00000000000 0.00000000000 0.00000000000 0.00000000000 0.00000000000 0.00000000000 0.00000000000 0.00000000000 0.00000000000 0.00000000000 0.00000000000 0.00000000000 0.00000000000 0.00000000000 0.00000000000 0.00000000000 0.00000000000 0.00000000000 0.00000000000 0.00000000000 0.00000000000 0.00000000000 0.00000000000 0.00000000000 0.00000000000 0.00000000000 0.00000000000 0.00000000000 0.00000000000
# sel50_fsh[3]:
 0.00000000000 0.00000000000
# sel50_fsh[4]:
 0.00000000000 0.00000000000 0.00000000000 0.00000000000 0.00000000000 0.00000000000 0.00000000000 0.00000000000 0.00000000000 0.00000000000 0.00000000000 0.00000000000 0.00000000000 0.00000000000 0.00000000000 0.00000000000 0.00000000000 0.00000000000 0.00000000000 0.00000000000 0.00000000000 0.00000000000 0.00000000000 0.00000000000 0.00000000000 0.00000000000 0.00000000000 0.00000000000 0.00000000000 0.00000000000 0.00000000000 0.00000000000 0.00000000000 0.00000000000 0.00000000000 0.00000000000
# logsel_p1_fsh[1]:
 0.00000000000 0.00000000000 0.00000000000 0.00000000000 0.00000000000 0.00000000000 0.00000000000 0.00000000000 0.00000000000 0.00000000000 0.00000000000 0.00000000000 0.00000000000 0.00000000000 0.00000000000 0.00000000000 0.00000000000 0.00000000000 0.00000000000 0.00000000000 0.00000000000 0.00000000000 0.00000000000 0.00000000000 0.00000000000 0.00000000000 0.00000000000 0.00000000000 0.00000000000 0.00000000000 0.00000000000 0.00000000000 0.00000000000 0.00000000000 0.00000000000 0.00000000000 0.00000000000 0.00000000000 0.00000000000 0.00000000000 0.00000000000 0.00000000000
# logsel_p1_fsh[2]:
 0.00000000000 0.00000000000 0.00000000000 0.00000000000 0.00000000000 0.00000000000 0.00000000000 0.00000000000 0.00000000000 0.00000000000 0.00000000000 0.00000000000 0.00000000000 0.00000000000 0.00000000000 0.00000000000 0.00000000000 0.00000000000 0.00000000000 0.00000000000 0.00000000000 0.00000000000 0.00000000000 0.00000000000 0.00000000000 0.00000000000 0.00000000000 0.00000000000 0.00000000000 0.00000000000 0.00000000000 0.00000000000 0.00000000000 0.00000000000 0.00000000000 0.00000000000 0.00000000000 0.00000000000 0.00000000000 0.00000000000 0.00000000000 0.00000000000
# logsel_p1_fsh[3]:
 0.00000000000 0.00000000000
# logsel_p1_fsh[4]:
 0.00000000000 0.00000000000 0.00000000000 0.00000000000 0.00000000000 0.00000000000 0.00000000000 0.00000000000 0.00000000000 0.00000000000 0.00000000000 0.00000000000 0.00000000000 0.00000000000 0.00000000000 0.00000000000 0.00000000000 0.00000000000 0.00000000000 0.00000000000 0.00000000000 0.00000000000 0.00000000000 0.00000000000 0.00000000000 0.00000000000 0.00000000000 0.00000000000 0.00000000000 0.00000000000 0.00000000000 0.00000000000 0.00000000000 0.00000000000 0.00000000000 0.00000000000
# logsel_p2_fsh[1]:
 0.00000000000 0.00000000000 0.00000000000 0.00000000000 0.00000000000 0.00000000000 0.00000000000 0.00000000000 0.00000000000 0.00000000000 0.00000000000 0.00000000000 0.00000000000 0.00000000000 0.00000000000 0.00000000000 0.00000000000 0.00000000000 0.00000000000 0.00000000000 0.00000000000 0.00000000000 0.00000000000 0.00000000000 0.00000000000 0.00000000000 0.00000000000 0.00000000000 0.00000000000 0.00000000000 0.00000000000 0.00000000000 0.00000000000 0.00000000000 0.00000000000 0.00000000000 0.00000000000 0.00000000000 0.00000000000 0.00000000000 0.00000000000 0.00000000000
# logsel_p2_fsh[2]:
 0.00000000000 0.00000000000 0.00000000000 0.00000000000 0.00000000000 0.00000000000 0.00000000000 0.00000000000 0.00000000000 0.00000000000 0.00000000000 0.00000000000 0.00000000000 0.00000000000 0.00000000000 0.00000000000 0.00000000000 0.00000000000 0.00000000000 0.00000000000 0.00000000000 0.00000000000 0.00000000000 0.00000000000 0.00000000000 0.00000000000 0.00000000000 0.00000000000 0.00000000000 0.00000000000 0.00000000000 0.00000000000 0.00000000000 0.00000000000 0.00000000000 0.00000000000 0.00000000000 0.00000000000 0.00000000000 0.00000000000 0.00000000000 0.00000000000
# logsel_p2_fsh[3]:
 0.00000000000 0.00000000000
# logsel_p2_fsh[4]:
 0.00000000000 0.00000000000 0.00000000000 0.00000000000 0.00000000000 0.00000000000 0.00000000000 0.00000000000 0.00000000000 0.00000000000 0.00000000000 0.00000000000 0.00000000000 0.00000000000 0.00000000000 0.00000000000 0.00000000000 0.00000000000 0.00000000000 0.00000000000 0.00000000000 0.00000000000 0.00000000000 0.00000000000 0.00000000000 0.00000000000 0.00000000000 0.00000000000 0.00000000000 0.00000000000 0.00000000000 0.00000000000 0.00000000000 0.00000000000 0.00000000000 0.00000000000
# logsel_p3_fsh[1]:
 0.00000000000 0.00000000000 0.00000000000 0.00000000000 0.00000000000 0.00000000000 0.00000000000 0.00000000000 0.00000000000 0.00000000000 0.00000000000 0.00000000000 0.00000000000 0.00000000000 0.00000000000 0.00000000000 0.00000000000 0.00000000000 0.00000000000 0.00000000000 0.00000000000 0.00000000000 0.00000000000 0.00000000000 0.00000000000 0.00000000000 0.00000000000 0.00000000000 0.00000000000 0.00000000000 0.00000000000 0.00000000000 0.00000000000 0.00000000000 0.00000000000 0.00000000000 0.00000000000 0.00000000000 0.00000000000 0.00000000000 0.00000000000 0.00000000000
# logsel_p3_fsh[2]:
 0.00000000000 0.00000000000 0.00000000000 0.00000000000 0.00000000000 0.00000000000 0.00000000000 0.00000000000 0.00000000000 0.00000000000 0.00000000000 0.00000000000 0.00000000000 0.00000000000 0.00000000000 0.00000000000 0.00000000000 0.00000000000 0.00000000000 0.00000000000 0.00000000000 0.00000000000 0.00000000000 0.00000000000 0.00000000000 0.00000000000 0.00000000000 0.00000000000 0.00000000000 0.00000000000 0.00000000000 0.00000000000 0.00000000000 0.00000000000 0.00000000000 0.00000000000 0.00000000000 0.00000000000 0.00000000000 0.00000000000 0.00000000000 0.00000000000
# logsel_p3_fsh[3]:
 0.00000000000 0.00000000000
# logsel_p3_fsh[4]:
 0.00000000000 0.00000000000 0.00000000000 0.00000000000 0.00000000000 0.00000000000 0.00000000000 0.00000000000 0.00000000000 0.00000000000 0.00000000000 0.00000000000 0.00000000000 0.00000000000 0.00000000000 0.00000000000 0.00000000000 0.00000000000 0.00000000000 0.00000000000 0.00000000000 0.00000000000 0.00000000000 0.00000000000 0.00000000000 0.00000000000 0.00000000000 0.00000000000 0.00000000000 0.00000000000 0.00000000000 0.00000000000 0.00000000000 0.00000000000 0.00000000000 0.00000000000
# rec_dev_future:
 0.00000000000 0.00000000000 0.00000000000 0.00000000000 0.00000000000 0.00000000000 0.00000000000 0.00000000000 0.00000000000 0.00000000000 0.00000000000 0.00000000000 0.00000000000 0.00000000000 0.00000000000 0.00000000000 0.00000000000 0.00000000000 0.00000000000 0.00000000000
 0.00000000000 0.00000000000 0.00000000000 0.00000000000 0.00000000000 0.00000000000 0.00000000000 0.00000000000 0.00000000000 0.00000000000 0.00000000000 0.00000000000 0.00000000000 0.00000000000 0.00000000000 0.00000000000 0.00000000000 0.00000000000 0.00000000000 0.00000000000
# log_q_ind[1]:
0.396445338746
# log_q_ind[2]:
-1.95892003508
# log_q_ind[3]:
-9.27667723121
# log_q_ind[4]:
-0.140907291844
# log_q_ind[5]:
-2.76919169174
# log_q_ind[6]:
-5.08244746364
# log_q_ind[7]:
-0.999039301025
# log_q_power_ind[1]:
0.00000000000
# log_q_power_ind[2]:
0.00000000000
# log_q_power_ind[3]:
0.00000000000
# log_q_power_ind[4]:
0.00000000000
# log_q_power_ind[5]:
0.00000000000
# log_q_power_ind[6]:
0.00000000000
# log_q_power_ind[7]:
0.00000000000
# log_rw_q_ind[1]:
 -0.928375953284
# log_rw_q_ind[3]:
 -0.507857895470
# log_rw_q_ind[7]:
 0.0649385142624
# log_selcoffs_ind[1]:
 -2.05028267354 -1.25977854120 -0.676526488111 -0.269631717636 -0.00654322558438 0.175679287362 0.308350070188 0.406264848007 0.472856850667 0.508660027200
 -2.60630709045 -1.83678193559 -1.10262835123 -0.477414868922 -0.0274910560948 0.253458338283 0.401992984212 0.485710002480 0.533360098699 0.547164112474
# log_selcoffs_ind[2]:
 -1.18596823014 -1.42932337463 -1.74680196111 -1.91133615822 -1.81949746260 -1.42689274262 -0.761721300294 0.0849669492827 0.947069582114 1.52540782996
 -0.0633948540362 -0.522587384220 -0.829760084445 -0.978488042253 -0.954299268790 -0.729297078120 -0.310849243090 0.218371251066 0.714315196852 1.01863779121
 0.473715642666 0.0851582903550 -0.135441588145 -0.271862548937 -0.386321690719 -0.411500065999 -0.311616892277 -0.0991923971117 0.176238314516 0.403537264150
# log_selcoffs_ind[3]:
 -0.202940821038 0.0202027052767 0.0202027052767 0.0202027052767 0.0202027052767 0.0202027052767 0.0202027052767 0.0202027052767 0.0202027052767 0.0202027052767
# log_selcoffs_ind[4]:
 -1.00123205540 -0.728153123684 -0.474245954155 -0.262276824971 -0.0879337010797 0.0664119433857 0.205889491374 0.328419359650 0.425130027316 0.486402874079
 -1.63097381002 -1.31281641357 -0.989700919855 -0.653978470327 -0.320033197264 -0.00390461022600 0.278110477551 0.503356096218 0.649019181597 0.709390555810
# log_selcoffs_ind[5]:
 -3.04452005677 -0.669616569639 0.101782682789 0.174353368097 0.174353368097 0.174353368097 0.174353368097 0.174353368097 0.174353368097 0.174353368097
# log_selcoffs_ind[6]:
 -3.04452005677 -0.669616569639 0.101782682789 0.174353368097 0.174353368097 0.174353368097 0.174353368097 0.174353368097 0.174353368097 0.174353368097
# log_selcoffs_ind[7]:
 -3.04452005677 -0.669616569639 0.101782682789 0.174353368097 0.174353368097 0.174353368097 0.174353368097 0.174353368097 0.174353368097 0.174353368097
# logsel_slope_ind[1]:
 0.00000000000 0.00000000000
# logsel_slope_ind[2]:
 0.00000000000 0.00000000000 0.00000000000
# logsel_slope_ind[3]:
 0.00000000000
# logsel_slope_ind[4]:
 0.00000000000 0.00000000000
# logsel_slope_ind[5]:
 0.00000000000
# logsel_slope_ind[6]:
 0.00000000000
# logsel_slope_ind[7]:
 0.00000000000
# sel50_ind[1]:
 0.00000000000 0.00000000000
# sel50_ind[2]:
 0.00000000000 0.00000000000 0.00000000000
# sel50_ind[3]:
 0.00000000000
# sel50_ind[4]:
 0.00000000000 0.00000000000
# sel50_ind[5]:
 0.00000000000
# sel50_ind[6]:
 0.00000000000
# sel50_ind[7]:
 0.00000000000
# logsel_p1_ind[1]:
 0.00000000000 0.00000000000
# logsel_p1_ind[2]:
 0.00000000000 0.00000000000 0.00000000000
# logsel_p1_ind[3]:
 0.00000000000
# logsel_p1_ind[4]:
 0.00000000000 0.00000000000
# logsel_p1_ind[5]:
 0.00000000000
# logsel_p1_ind[6]:
 0.00000000000
# logsel_p1_ind[7]:
 0.00000000000
# sel_p2_ind[1]:
 0.00000000000 0.00000000000
# sel_p2_ind[2]:
 0.00000000000 0.00000000000 0.00000000000
# sel_p2_ind[3]:
 0.00000000000
# sel_p2_ind[4]:
 0.00000000000 0.00000000000
# sel_p2_ind[5]:
 0.00000000000
# sel_p2_ind[6]:
 0.00000000000
# sel_p2_ind[7]:
 0.00000000000
# logsel_p3_ind[1]:
 0.00000000000 0.00000000000
# logsel_p3_ind[2]:
 0.00000000000 0.00000000000 0.00000000000
# logsel_p3_ind[3]:
 0.00000000000
# logsel_p3_ind[4]:
 0.00000000000 0.00000000000
# logsel_p3_ind[5]:
 0.00000000000
# logsel_p3_ind[6]:
 0.00000000000
# logsel_p3_ind[7]:
 0.00000000000
