#years 
1970 
2024 
#ages 
1 
12 
#nbins 
41 
#lengthbin 
10 11 12 13 14 15 16 17 18 19 20 21 22 23 24 25 26 27 28 29 30 31 32 33 34 35 36 37 38 39 40 41 42 43 44 45 46 47 48 49 50 
#Fnum 
4 
#Fnames 
N_Chile%SC_Chile_PS%FarNorth%Offshore_Trawl 
#Fcaton 
101.69 143.45 64.46 83.2 164.76 207.33 257.7 226.23 398.41 344.05 288.81 474.82 789.91 301.93 727 511.15 55.21 313.31 325.46 338.6 323.09 346.25 304.24 379.47 222.25 230.18 278.44 104.2 30.27 55.65 118.73 248.1 108.73 143.28 158.66 165.63 155.26 172.701 167.258 134.022 169.012 30.825 13.256 16.361 18.219 34.886 24.657 35.002 11.551 11.875 44.155 61.359 72.795 68.052 105.727 
10.31 14.99 22.55 38.39 28.75 53.88 84.57 114.57 188.27 253.46 273.45 586.09 704.77 563.34 699.3 945.84 1129.11 1456.73 1812.79 2051.52 2148.79 2674.27 2907.82 2856.78 3819.19 4174.02 3604.89 2812.87 1582.64 1164.04 1115.57 1401.84 1410.27 1278.02 1292.94 1264.81 1224.69 1130.083 728.85 700.905 295.796 216.47 214.204 214.999 254.295 250.327 295.16 311.863 415.149 432.447 517.665 567.267 655.157 740.203 855.424 
4.71 9.19 18.78 42.78 129.21 37.9 54.15 504.99 386.79 333.81 414.3 445.64 143.72 110.69 200.67 114.62 51.03 46.3 244.23 316.25 370.82 213.45 111.68 133.35 233.35 550.99 495.52 680.05 412.85 203.75 303.7 857.74 154.82 217.73 187.37 80.66 277.57 255.36 169.537 76.629 22.172 326.394 187.396 80.586 74.532 22.447 15.088 8.867 57.163 135.784 140.116 123.636 159.608 222.287 235.793 
1 1 5.5 1 1 1 1.04 2.27 51.29 370.29 339.8 438.12 733.2 894.3 1059.93 799.32 837.5 863.42 863.22 875.82 872.06 543.66 37.93 1 1 1 1 1 1 1.01 2.32 20.09 76.26 158.2 295.44 243.58 362.63 438.8306 406.9864 371.9176 239.593 60.89131 39.91786 41.177 63.652 86.672 54.163 49.113 42.46 51.439 4.739 55.304 73.868 95.334 68.231 
#Fcatonerr 
0.05 0.05 0.05 0.05 0.05 0.05 0.05 0.05 0.05 0.05 0.05 0.05 0.05 0.05 0.05 0.05 0.05 0.05 0.05 0.05 0.05 0.05 0.05 0.05 0.05 0.05 0.05 0.05 0.05 0.05 0.05 0.05 0.05 0.05 0.05 0.05 0.05 0.05 0.05 0.05 0.05 0.05 0.05 0.05 0.05 0.05 0.05 0.05 0.05 0.05 0.05 0.05 0.05 0.05 0.05 
0.05 0.05 0.05 0.05 0.05 0.05 0.05 0.05 0.05 0.05 0.05 0.05 0.05 0.05 0.05 0.05 0.05 0.05 0.05 0.05 0.05 0.05 0.05 0.05 0.05 0.05 0.05 0.05 0.05 0.05 0.05 0.05 0.05 0.05 0.05 0.05 0.05 0.05 0.05 0.05 0.05 0.05 0.05 0.05 0.05 0.05 0.05 0.05 0.05 0.05 0.05 0.05 0.05 0.05 0.05 
0.05 0.05 0.05 0.05 0.05 0.05 0.05 0.05 0.05 0.05 0.05 0.05 0.05 0.05 0.05 0.05 0.05 0.05 0.05 0.05 0.05 0.05 0.05 0.05 0.05 0.05 0.05 0.05 0.05 0.05 0.05 0.05 0.05 0.05 0.05 0.05 0.05 0.05 0.05 0.05 0.05 0.05 0.05 0.05 0.05 0.05 0.05 0.05 0.05 0.05 0.05 0.05 0.05 0.05 0.05 
0.05 0.05 0.05 0.05 0.05 0.05 0.05 0.05 0.05 0.05 0.05 0.05 0.05 0.05 0.05 0.05 0.05 0.05 0.05 0.05 0.05 0.05 0.05 0.05 0.05 0.05 0.05 0.05 0.05 0.05 0.05 0.05 0.05 0.05 0.05 0.05 0.05 0.05 0.05 0.05 0.05 0.05 0.05 0.05 0.05 0.05 0.05 0.05 0.05 0.05 0.05 0.05 0.05 0.05 0.05 
#FnumyearsA 
45 
45 
0 
10 
#FnumyearsL 
0 
0 
45 
0 
#Fageyears 
1980 1981 1982 1983 1984 1985 1986 1987 1988 1989 1990 1991 1992 1993 1994 1995 1996 1997 1998 1999 2000 2001 2002 2003 2004 2005 2006 2007 2008 2009 2010 2011 2012 2013 2014 2015 2016 2017 2018 2019 2020 2021 2022 2023 2024 
1980 1981 1982 1983 1984 1985 1986 1987 1988 1989 1990 1991 1992 1993 1994 1995 1996 1997 1998 1999 2000 2001 2002 2003 2004 2005 2006 2007 2008 2009 2010 2011 2012 2013 2014 2015 2016 2017 2018 2019 2020 2021 2022 2023 2024 
2015 2016 2017 2018 2019 2020 2021 2022 2023 2024 
#Flengthyears 
1980 1981 1982 1983 1984 1985 1986 1987 1988 1989 1990 1991 1992 1993 1994 1995 1996 1997 1998 1999 2000 2001 2002 2003 2004 2005 2006 2007 2008 2009 2010 2011 2012 2013 2014 2015 2016 2017 2018 2019 2020 2021 2022 2023 2024 
#Fagesample 
23.86619 23.86619 23.86619 23.86619 23.86619 23.86619 23.86619 23.86619 23.86619 23.86619 23.86619 23.86619 23.86619 23.86619 23.86619 23.86619 23.86619 23.86619 23.86619 23.86619 23.86619 23.86619 23.86619 23.86619 23.86619 23.86619 23.86619 23.86619 23.86619 23.86619 23.86619 23.86619 23.86619 23.86619 23.86619 23.86619 23.86619 23.86619 23.86619 23.86619 23.86619 23.86619 23.86619 23.86619 2.386619 
64.27725 64.27725 64.27725 64.27725 64.27725 64.27725 64.27725 64.27725 64.27725 64.27725 64.27725 64.27725 64.27725 64.27725 64.27725 64.27725 64.27725 64.27725 64.27725 64.27725 64.27725 64.27725 64.27725 64.27725 64.27725 64.27725 64.27725 64.27725 64.27725 64.27725 64.27725 64.27725 64.27725 64.27725 64.27725 64.27725 64.27725 64.27725 64.27725 64.27725 64.27725 64.27725 64.27725 64.27725 6.427725 
12.5757 12.5757 12.5757 12.5757 12.5757 12.5757 12.5757 12.5757 12.5757 1.25757 
#Flengthsample 
30 30 30 30 30 30 30 30 30 30 30 30 30 30 30 30 30 30 30 30 30 30 30 30 30 30 30 30 30 30 30 30 30 30 30 30 30 30 30 30 30 30 30 30 30 
#Fagecomp 
2538301 28654556 83310793 149638434 188439075 136286247 23011545 11797 0 0 0 0 
5380761 72557380 137185821 217546255 338598361 195433672 47397463 9385383 0 0 0 0 
9500065 340940894 344322033 503783588 611525887 368232687 139096457 27461374 339364.4 0 0 0 
7963171 66001058 129196475 210347485 213377719 118347383 24294373 1341634 35474.23 0 0 0 
46510041 730444089 265639223 306244801 390558018 340001865 95046746 4071703 0 0 0 0 
18124743 269116886 374164292 430472338 268939345 77695670 15048122 1610282 0 0 0 0 
7601651 10811911 8736295 18238151 31590084 17618612 4498170 205988.2 0 0 0 0 
224069974 1049118145 174612285 41440879 28034194 13179336 1440478 734401.2 0 0 0 0 
1456214 44307493 143477627 70089977 4703640 591438.7 30458.8 0 0 0 0 0 
2707610 74623316 354908019 323619206 65143584 11407156 3330224 924125.9 139929.5 0 0 0 
76935109 29681822 236153581 414904907 86422386 9207360 1033856 386374 4177 0 0 0 
113339886 326094616 78617248 175835277 235182209 58682668 9528402 2733131 617095 0 0 0 
131517242 353473181 245363789 243488547 145008635 53762398 8670508 1019460 0 0 0 0 
349180224 1618926374 173384674 81645144 28022870 7502075 2284830 485971.3 117998.6 78471.95 751.5 0 
262177080 314304562 250849881 130679460 22047678 5303819 2241529 267841 0 0 0 0 
48111476 718657325 193019953 65840975 18891401 613147.1 146169.3 0 0 0 0 0 
437799913 861323270 162996006 46907181 6833233 174583.5 71484 0 0 0 0 0 
197052959 330889142 18912074 1375550 54368 0 0 0 0 0 0 0 
13674788 142405468 19129901 4872017 455711 5752.889 0 0 0 0 0 0 
37006046 339375959 21190856 7326410 751573.1 32634 0 0 0 0 0 0 
271856103 347202078 118010406 8671788 107366 0 0 0 0 0 0 0 
1047374686 1005002155 18475397 1149843 249215 0 0 0 0 0 0 0 
146061082 406111138 116272737 24130058 4485894 434231.6 0 0 0 0 0 0 
226895845 786556488 49016606 21173879 8802891 1935513 109004.3 0 0 0 0 0 
107214985 507798054 186788856 8604679 326822.3 0 0 0 0 0 0 0 
505104792 549262498 137343880 49655439 6591715 133155 38372 0 0 0 0 0 
91033262 940062852 72678535 25556569 8548579 1213232 50089.67 0 0 0 0 0 
131885762 741671012 137495034 33937470 19427688 5338775 1461170 0 0 0 0 0 
852504948 417423658 129230668 106435823 13018435 759553 190481 41055 0 0 0 0 
175865173 598742028 32514898 72098942 3266035 86959 0 0 0 0 0 0 
105652101 838994666 144780979 37124894 9102472 292147 484632 0 0 0 0 0 
278416818 73134320 5743293 2184150 344192 0 0 0 0 0 0 0 
26803495 45199510 5747486 78110.94 6122.812 0 0 0 0 0 0 0 
61565949 130211516 2088784 2195281 2257561 34647 31958.75 0 0 0 0 0 
131852030 89013124 3436477 933067.3 33230 5621 0 0 0 0 0 0 
23013058 101230895 25848118 10685547 7243882 1183722 209486 0 0 0 0 0 
5129676 10058969 6761736 9603337 9636798 3462835 5112155 720470 193462 0 0 0 
68822218 135280075 13664521 2947546 1377688 115606 138022 69011 0 0 0 0 
150237473 517210.4 85268.63 47137.99 11815.99 0 0 0 0 0 0 0 
6130257 5887972 2768111 4318442 3930982 1991608 2063905 1247142 843048.2 799948.2 191891.7 515047.7 
0 32641025 30675530 28864180 18479408 9542557 1967913 569614 216911 7785 0 11678 
21230.25 3015.66 4266.642 16343.84 25749.9 21083.81 14135.53 8488.158 3494.589 973.7125 694.6747 9.937932 
1539 796 433 9530 22053 24373 16220 5417 2177 819 0 10 
9248.844 1614.451 6314.834 8069.919 17527.33 26781.31 19260.41 10940.12 3920.983 1271.346 1965.796 177.9232 
3.334 1344.885 6149.871 4886.39 10095.23 13840.92 9599.682 4297.658 2256.877 0 201.5997 0 
1516568 22275108 37705480 24621368 7887924 1175977 165844.1 0 0 0 0 0 
3372733 27500410 44236699 43653164 16744236 3763999 395283.4 20014.63 0 0 0 0 
3193152 56145704 76601317 51395871 15670149 2851928 404446.6 20363.92 0 0 0 0 
19335786 34426754 29443572 25046792 13452190 2746190 539395.1 56195.3 0 0 0 0 
16819869 112836963 19169861 31548502 27091056 13989862 4031717 224601 0 0 0 0 
5872659 57919626 55752822 43486091 37118294 14184604 3491375 108001.7 2975.162 0 0 0 
5810844 16309892 36557063 41854292 32735476 18365809 2434084 96248.88 1813.167 0 0 0 
15968751 88195313 12861989 19381517 33643013 19589517 3354857 294532.2 1738.877 0 0 0 
8819828 28071565 20846816 4749274 5501662 4140129 801587.7 68381.98 12854.04 0 0 0 
5370008 87686318 312304573 222389787 63370450 35135242 15025278 2280375 45686.68 0 0 0 
4761988 47850594 481697535 2024570442 2552867019 1422722555 917818362 245331085 19420721 48062 0 0 
58614098 252746838 22800955 491389139 2069433746 2260834197 1409666627 811029128 292532292 85466196 7354352 1604374 
85455009 502284997 480849822 423719246 566771683 1590076831 1641600660 1209429274 690732462 273955425 11839430 0 
79551615 1052755002 1149957258 922630839 781105649 663824064 904624020 805638086 281009523 44757966 1729932 0 
3514930 425678080 1184391535 1248724519 921451118 801964324 1164969523 892510863 293358770 43261526 913277.5 0 
92325879 3220095544 2825468316 3749690732 3430555113 1279398424 1222248980 692248027 236968682 66622822 1186530 0 
461334082 2318778622 2052827373 1858485155 1627330843 1109296058 661635375 339094132 149509992 38888492 7245864 0 
928048023 5091447766 2511562863 1254638984 730631352 616332544 551196326 293967047 164897779 65852643 17959302 4657013 
952793918 6065156367 1447161152 672670300 296999474 339234339 386606054 196674368 84020248 23672864 5914996 253416 
1818408804 4825545520 1426629603 596887292 164878524 75889110 120483085 99472913 46103060 28672726 11617943 4552739 
764412324 3757670209 1835940425 749872818 200797069 82593938 75037524 85049007 45324475 24109940 14151291 7590956 
440943710 2995981474 2086685274 866560702 286439083 156336389 140393398 122713051 104292086 64175120 45817154 15948979 
424301826 2120589981 1434416249 987510884 390111163 230906462 188040360 153780402 113002337 107062122 47786945 26702805 
151780107 1130439237 1032699858 749875783 288275151 99477556 70982267 57929981 34709742 23151792 11847543 3026515 
50346040 701074353 925420065 824082681 347630985 160266074 101233397 57882671 23819031 11317615 10599804 8918836 
41589632 211562626 534308946 893648810 525225559 229912729 138011367 61909939 27315978 14175939 8940873 7512938 
26284277 113886454 172645568 378423488 474664062 268202440 199794208 125239451 61540673 33963506 12946729 13485959 
1051979 258182135 328213038 213879380 297868220 291706731 246337891 172456233 88240500 40942259 24382793 14822833 
30202199 8641807 73015906 244326293 230874122 178697736 121964607 101529390 58127694 37824627 21412649 22589072 
28515847 171585286 26628639 224618068 242881331 181944531 114559147 80079238 46180847 19241141 13213454 10440016 
3563781 198560862 124113386 62280901 66534275 39255316 58242990 39590158 12349296 4251020 4159759 1449630 
8458554 36974470 49024904 123861545 36986430 28520118 46260683 6577472 4572279 1071234 731933 152225 
265360.8 42571977 132937499 144299506 152898105 36869468 16117173 2964092 168420.3 110711 170066 36226 
9003651 108359360 185302724 196124904 83058887 12144830 2587487 572479.9 228088.2 14638 93772 113918 
3392947 57383285 106703183 115046216 96152700 52112995 13241062 4156443 1837076 323514.7 114428 127621 
69248465 321583658 101203241 72593038 72623520 46853462 18464350 7830918 2117572 2365064 738791.3 235164.5 
2996652 153031159 169320805 144311479 92546385 52765810 24442100 14830695 4732069 1753710 2134212 711046.2 
19146168 135388787 101925326 105378801 104711166 71239886 44308592 28288651 19587721 8719273 3238636 6689726 
14024347 155732386 211022227 175696554 152209234 78504254 45770591 25791680 13163526 5905053 5133073 1774450 
753500 84726864 162289669 203186400 222710955 132286644 79024091 40855880 10835194 1661558 449645.5 241423 
0 57263845 61228546 96093020 138402278 125722489 86133917 48916800 16154700 2394167 5142333 315933.1 
1566.283 37415.82 149876.5 178101.2 238803.1 185433 115689.6 65573.58 25222.63 7499.563 3398.025 1867.633 
156 4690 38043 124225 177338 168158 113691 62784 24088 12096 3569 3085 
149.197 18858.72 94758.49 176710.8 240896.9 239272.3 150837.7 72259.34 29046.54 11432.29 1645.048 512.238 
0 9194.68 71723.67 135640.4 207312.4 161401.4 87567.33 20173.3 4034.656 2376.783 45.07787 0 
1870000 2845731 1128654 802499 1193458 1192494 875392 541953.9 317662.7 165531.4 100279.2 18306.12 
5086865 11200000 13395720 20445190 17755489 5499933 2698909 1901181 1040270 1076591 220461 205478.2 
130565620 27826390 23803364 9300758 3897235 2770576 1244499 383732.9 14652.8 46396.92 0 0 
11201962 15441251 5198907 8857607 13270938 11313070 6169393 2464922 711796.3 86187.06 52710.98 30763.85 
21380699 36887883 8603250 8935428 8754172 9246415 9315289 6594608 2162047 498731.1 898427.2 538111.5 
3034963 11224830 5124603 770038 273400.2 217340.3 253205.1 69203.32 8221.747 5148.715 2136.145 0 
13279.65 44760.81 107827.4 28181.24 15482.54 4128.794 427.1702 110.7467 221.9397 10.74586 0.04127727 3.484998 
4976982 236217346 28319410 23236196 33319994 9890154 6222675 4302234 1859042 1087831 621513.8 145730.4 
1375.539 51360.56 121217.9 138752.6 27485.73 13618.09 7918.291 6459.195 3672.196 1706.498 450.7671 353.3342 
1396.724 2136.429 11297.21 7650.252 1916.489 526.2953 38.63618 0.5878468 0.5878468 0 0 0 
#Flengthcomp 
44 59 71 59 126 67 184 105 67 50 0 0 0 33 46 25 9 9 50 101 134 209 318 471 419 343 251 184 134 84 50 33 33 29 17 9 9 0 0 0 0 
0 0 0 0 0 0 0 0 0 0 0 0 0 0 0 0 6 14 28 101 129 105 109 112 105 87 78 62 50 36 34 22 20 17 8 3 1 0 0 0 0 
0 23 91 272 545 545 523 477 409 432 545 364 68 23 0 0 0 0 45 91 136 409 795 1136 840 545 296 227 181 159 136 113 23 0 0 0 0 0 0 0 0 
0 0 0 0 0 0 0 0 0 0 0 0 0 0 0 22 114 137 182 206 297 707 1426 1711 1426 1254 707 502 297 228 114 69 137 69 22 46 22 0 0 0 0 
0 0 0 0 0 8 16 8 4 0 4 8 41 90 160 340 872 1743 2472 3355 3441 3270 4325 4657 4153 3245 2545 1731 1166 777 585 401 274 258 209 147 217 147 123 45 0 
0 0 0 0 0 0 0 3 6 8 16 16 19 19 22 31 62 136 215 399 535 615 818 848 949 987 888 906 822 821 725 585 439 353 277 259 242 179 199 150 0 
3 8 18 13 13 27 39 29 14 17 24 36 51 63 64 67 57 37 23 17 30 53 165 397 691 1066 1337 1260 1255 896 637 478 369 287 257 207 195 141 140 109 0 
2 6 8 10 6 21 52 61 43 44 74 95 106 169 254 395 533 830 1110 1215 1071 861 537 337 249 308 376 408 335 213 200 160 130 92 61 44 19 10 7 8 0 
0 0 0 0 0 0 0 4 22 60 73 95 186 354 739 1663 2985 3961 4250 3615 2985 2134 1559 1378 1309 1304 1266 1136 981 1019 972 1149 1058 1045 1088 1145 1045 747 596 354 0 
0 0 0 0 0 0 0 0 0 7 179 365 3204 4837 2294 2723 1988 1212 877 1009 1157 1309 2110 2874 3570 3979 3959 2848 2080 1295 705 498 386 297 260 251 260 237 191 185 0 
0 0 0 0 0 0 0 0 0 0 22 45 90 90 127 187 247 284 486 860 1533 2326 3373 4548 5221 6769 8579 9410 7353 6119 4473 3194 2409 1855 1279 808 554 292 202 90 0 
0 0 0 3 0 13 62 112 85 102 131 99 118 927 2308 1107 686 628 658 813 1134 1749 2249 2786 2851 3441 4354 4262 3939 3496 2993 1877 1405 1469 1237 1167 1130 864 687 616 504 
0 0 0 0 0 0 0 0 0 19 103 306 166 124 162 131 116 136 164 273 471 698 1108 1555 1948 1862 1393 1054 979 866 812 597 532 401 168 104 79 64 63 76 0 
0 3 20 16 3 0 3 26 66 201 497 691 1036 1266 1963 2943 3798 2821 2430 1934 1726 1605 1809 1670 1684 1506 1154 658 480 224 164 155 122 128 43 30 7 3 0 3 0 
4 4 0 4 4 11 7 0 4 29 72 133 176 240 341 452 625 958 1253 1450 2175 4824 6041 4810 3331 2495 1920 1407 1472 1088 1141 962 1267 908 965 815 510 445 298 334 194 
0 0 0 22 73 103 125 95 51 44 103 396 792 1041 1459 2236 3043 3263 4326 5635 7159 9177 10307 10768 13407 14406 12580 6838 4115 2602 2003 1675 1201 789 761 594 501 488 232 119 154 
0 0 0 0 6 44 200 194 237 712 1437 1469 1462 2550 3834 4445 4353 4211 4457 5153 6419 6045 4674 4311 3460 2887 2815 2487 2268 1352 849 549 319 211 76 44 12 12 6 0 0 
0 0 0 0 0 0 0 0 5 14 57 109 166 332 916 1832 3506 5749 5052 2855 2347 3963 7246 8255 4460 2297 1380 737 506 371 234 163 103 65 38 24 10 5 0 5 0 
0 0 0 5 65 207 109 71 283 1301 1927 1600 1339 1937 3940 8593 10727 7402 4272 2444 1453 1012 936 1176 980 555 425 343 261 234 174 147 109 98 87 60 49 27 27 16 0 
0 0 0 0 21 80 80 101 155 174 140 186 270 457 762 1035 1838 2102 2532 2300 1279 755 464 284 183 127 120 57 64 106 43 27 27 21 15 17 3 17 3 5 0 
0 0 0 4 7 7 7 18 178 1495 2766 2473 1856 1341 1339 3492 2839 2483 3039 4523 4097 2703 1151 387 119 31 11 4 4 4 7 0 4 0 0 0 0 0 0 0 0 
0 0 16 33 33 16 41 188 459 942 1500 1344 1304 2041 4038 6242 9220 11965 15404 15088 13405 8369 2959 850 239 97 28 0 0 0 0 0 0 0 0 0 0 0 0 0 0 
8 15 33 71 81 101 71 47 35 45 40 57 93 123 140 68 61 120 449 1426 2689 3181 3146 2300 1102 462 337 183 93 28 8 2 0 0 0 0 0 0 0 0 0 
0 0 0 0 2 2 8 31 61 159 278 453 905 1419 1555 1173 1063 1254 1732 1911 1399 961 795 687 697 937 972 640 348 154 63 18 4 2 2 0 0 0 0 0 0 
8 15 47 51 45 40 55 48 19 5 1 0 1 1 1 1 5 38 196 577 879 1015 1269 1665 1779 1478 1086 1040 946 657 350 206 103 45 22 8 3 1 0 0 0 
9 71 220 226 151 93 65 95 581 1147 1409 1553 1803 1846 1130 471 263 200 198 123 97 71 47 34 7 11 22 78 329 942 1676 1618 994 499 314 163 84 28 9 0 0 
0 0 0 0 0 0 0 0 40 392 1200 2432 5056 6408 5992 6200 6424 6304 5784 6176 6664 6224 5448 3928 2464 1296 712 392 216 120 56 24 16 0 0 8 8 8 8 0 0 
0 0 0 0 34 52 52 155 258 206 189 275 430 1324 7738 15184 13224 8976 9853 6895 5984 10145 16972 20704 19190 14358 9853 5399 2528 1135 447 258 103 17 0 0 0 0 0 0 0 
0 0 2 4 13 22 11 4 2 4 11 22 20 31 74 120 142 179 316 763 2120 3978 4641 3688 2233 1213 652 375 277 338 275 166 74 24 7 2 2 0 0 0 0 
169 161 227 227 54 21 0 0 0 27 182 729 822 756 467 314 114 74 138 149 85 43 64 91 89 145 460 1034 2137 3803 4100 2182 915 299 95 31 0 0 0 0 0 
0 0 0 0 0 0 0 0 0 0 17 0 17 231 451 162 35 0 0 0 0 0 0 0 0 0 0 0 0 0 0 0 0 0 0 0 0 0 0 0 0 
0 0 0 53 53 53 53 0 0 0 0 0 53 0 106 4377 18221 52278 119239 150535 157464 117077 30214 425 53 0 0 0 0 0 0 0 0 0 0 0 0 0 0 0 0 
0 0 0 0 0 0 0 0 0 0 0 0 0 0.03841436 0.3686477 0.807589 0.7067347 0.1271277 0.104904 0.1955548 2.490467 14.76481 31.85525 27.33906 13.68344 5.951515 1.361081 0.1965246 0.008885962 0 0 0 0 0 0 0 0 0 0 0 0 
0 0 0 0 0 0 0 0 0 0.1243989 0.7130571 1.130313 0.6321622 0.2091998 0.9449136 1.719289 1.992029 3.807247 4.326243 10.58049 8.318043 4.847061 2.152752 0.3923221 0.6815642 1.064184 1.11935 2.837001 11.51454 20.24115 15.31362 4.363674 0.9536103 0.02178755 0 0 0 0 0 0 0 
0 0 0 0 4327.847 15868.77 25967.08 25967.08 7213.078 2885.231 1442.616 2885.231 7213.078 17311.39 14426.16 14426.16 142818.9 725635.7 2234612 3062673 3391589 6820687 26946617 42294605 25791082 10924928 4763517 3166541 2781363 1905695 773242 323145.9 24524.47 12983.54 0 0 0 0 1442.616 0 0 
0 0 0 0 0 0.000257425 0.000107632 0.002320053 0.003764301 0.004880402 0.008309865 0.0146554 0.03462257 0.1055515 0.1307652 0.1263006 0.1400861 0.1403063 0.09524478 0.04666813 0.04204461 0.04148742 0.03173413 0.02445764 0.006291537 0.000131614 1.29e-05 0 0 0 0 0.00926328 0.004389424 0.002242362 0.001390942 0.001829668 0.001095443 0 0 0 0 
0 0 0 0 0 0 0 3.960382 41.79291 63.59283 172.9608 438.0506 1094.57 2353.865 2871.825 2719.859 2936.974 3425.417 3244.017 3366.193 3408.499 3683.638 3378.743 3121.851 2803.644 2203.72 1290 711.1453 416.9447 214.0376 189.815 136.1237 31.61674 18.42851 7.527192 5.670359 9.574819 5.606434 0.5771267 0 0 
0 0 0 3.25293 37.19113 202.2133 468.419 851.1002 1152.846 1481.451 1976.53 2595.601 3197.197 3076.796 2905.282 2734.045 3087.834 3072.787 2682.382 1982.846 1861.287 1391.232 1142.278 1172.067 1154.405 852.8345 619.1011 463.4886 274.5516 78.83939 43.78351 15.93745 7.835258 9.120875 16.69576 13.3885 18.48827 11.43492 6.335143 1.573925 8 
0 0 2.106112 11.43164 44.16436 83.98762 277.1961 689.7674 1150.403 1303.688 1344.144 1893.159 3984.62 7099.537 14494.21 22497.34 30094.57 37378.02 29902.82 14623.98 9824.016 7308.543 5373.989 3991.433 3097.587 2432.075 1912.016 1351.714 978.6673 643.7113 263.6186 189.8802 88.51543 62.31517 52.51298 26.89747 11.26524 4.863912 0.7289181 0 0 
0 0 0 0 0 3.253295 66.48002 87.02122 94.82889 122.6771 297.628 909.514 1662.422 2504.586 3557.466 4987.197 6588.568 10299.62 17116.99 26852.01 38965.21 53692.86 58023.59 45494.2 28298.59 16069.18 9355.143 5578.937 3747.458 1929.575 812.3007 564.494 260.8261 177.7635 119.4509 43.49681 5.971819 0 0 0 0 
0 0 0 0 0 0 0 3.07616 28.24846 17.93762 49.28581 171.8517 342.6076 665.3471 1163.023 1740.623 2292.572 3680.28 5717.679 8974.715 12637.73 18212.9 26885.43 37496.13 45771.42 42307.52 30592.66 18805.21 12084.32 6364.607 4040.448 1965.241 944.4518 499.6821 282.1334 158.6138 66.86745 28.75094 13.36992 3.263302 0 
251.0014 302.1121 559.2982 574.1432 504.0979 186.5693 12.20623 0 0 0.005323106 2.17897 9.675614 33.83512 63.51287 69.29422 71.09061 90.16348 181.268 341.5478 549.237 1070.006 1707.548 2433.583 4892.014 8087.19 10393.06 13831.51 16428.84 16081.03 20231.45 19205.26 18998.42 13489.73 9626.738 5685.151 3353.006 2008.779 954.9651 396.3705 190.7648 236.811 
0 0 0 0 0 0 0 0 0 0.8440039 2.081486 1.448099 3.44338 7.057399 67.09954 180.1568 530.8338 1505.835 2645.333 4472.82 7031.018 7861.259 8898.38 10273.8 12422.96 14764.18 16720.03 15826.38 14603.44 13255.81 13288.38 14160.62 13440.93 12543.05 11467.4 9319.122 6509.3 4181.209 2926.775 1733.894 2047.207 
0 0 0 0 0 0 0 0.3847365 3.6559 3.210583 5.92116 7.580403 24.87044 72.53283 130.0869 191.3683 429.4243 790.1156 1719.531 3691.007 7223.61 12112.87 16351.52 16273.15 12946.57 10745.53 8934.645 9443.672 11007.92 12507.96 14165.91 14440.04 14222.47 14098.69 13387.58 13019.48 12758.46 10907.2 9252.212 7321.027 14418.07 
0 0 0 0 0 0 0.8306718 3.163514 1.588915 9.924416 51.27202 155.6682 207.0956 226.1393 394.0346 626.7513 763.0251 859.4046 724.0846 548.8618 578.955 592.4877 639.2297 645.8883 633.8203 817.9997 1277.212 1187.209 1385.663 1912.756 2237.389 3037.903 3955.773 4935.084 5262.845 4871.277 4320.847 3969.416 3844.79 3630.097 9791.682 
#Fwtatage 
0.1083413 0.1554059 0.2472602 0.3143437 0.3878198 0.5098555 0.6534656 0.7799549 0.9487193 1.152912 1.348908 1.574944 
0.1083413 0.1554059 0.2472602 0.3143437 0.3878198 0.5098555 0.6534656 0.7799549 0.9487193 1.152912 1.348908 1.574944 
0.1083413 0.1554059 0.2472602 0.3143437 0.3878198 0.5098555 0.6534656 0.7799549 0.9487193 1.152912 1.348908 1.574944 
0.1083413 0.1554059 0.2472602 0.3143437 0.3878198 0.5098555 0.6534656 0.7799549 0.9487193 1.152912 1.348908 1.574944 
0.1083413 0.1554059 0.2472602 0.3143437 0.3878198 0.5098555 0.6534656 0.7799549 0.9487193 1.152912 1.348908 1.574944 
0.1083413 0.1554059 0.2472602 0.3143437 0.3878198 0.5098555 0.6534656 0.7799549 0.9487193 1.152912 1.348908 1.574944 
0.1083413 0.1554059 0.2472602 0.3143437 0.3878198 0.5098555 0.6534656 0.7799549 0.9487193 1.152912 1.348908 1.574944 
0.1083413 0.1554059 0.2472602 0.3143437 0.3878198 0.5098555 0.6534656 0.7799549 0.9487193 1.152912 1.348908 1.574944 
0.1083413 0.1554059 0.2472602 0.3143437 0.3878198 0.5098555 0.6534656 0.7799549 0.9487193 1.152912 1.348908 1.574944 
0.1083413 0.1554059 0.2472602 0.3143437 0.3878198 0.5098555 0.6534656 0.7799549 0.9487193 1.152912 1.348908 1.574944 
0.1808278 0.2087755 0.2633333 0.3382963 0.4339371 0.4619997 0.4987267 1.062208 0.9840867 1.144385 1.350005 1.550582 
0.2054582 0.2350948 0.2867797 0.3528091 0.4242458 0.4998624 0.6012975 0.7354709 0.9840867 1.144385 1.350005 1.550582 
0.1636503 0.1923338 0.2362049 0.3014684 0.35445 0.4224571 0.4597356 0.489508 0.7386844 1.144385 1.350005 1.550582 
0.121554 0.1908317 0.244735 0.3094295 0.3757042 0.4285458 0.4845665 0.4856115 0.5292549 1.144385 1.350005 1.550582 
0.1570446 0.1735583 0.2413098 0.3229878 0.387439 0.4425778 0.5103614 0.5585764 0.9840867 1.144385 1.350005 1.550582 
0.2090975 0.2057974 0.2746434 0.3444275 0.4058752 0.4817998 0.5532299 0.5945603 0.9840867 1.144385 1.350005 1.550582 
0.0832802 0.1660106 0.2791706 0.3583185 0.4322058 0.5234327 0.5587558 0.7161179 0.9840867 1.144385 1.350005 1.550582 
0.1590127 0.1630467 0.2370581 0.3347242 0.4322563 0.4910378 0.5420361 0.5448677 0.9840867 1.144385 1.350005 1.550582 
0.1778117 0.21376 0.2507143 0.2958118 0.3824966 0.5813812 0.6896011 0.8522619 0.9840867 1.144385 1.350005 1.550582 
0.1372251 0.193525 0.2519578 0.297345 0.3544023 0.4958745 0.5794554 0.5465612 0.7012168 1.144385 1.350005 1.550582 
0.1162022 0.2377396 0.2926633 0.337878 0.3861125 0.4901273 0.6877694 0.6766677 0.9504298 1.144385 1.350005 1.550582 
0.1439557 0.1647319 0.2826775 0.3436108 0.3883955 0.4397735 0.7391547 0.855417 0.7753098 1.144385 1.350005 1.550582 
0.1160919 0.1590657 0.2593487 0.2851071 0.341574 0.3942182 0.4711396 0.6731199 0.9840867 1.144385 1.350005 1.550582 
0.1332316 0.1302289 0.2584095 0.3341063 0.3789038 0.4320609 0.5200202 0.6377386 0.8145088 0.9349997 0.9599598 1.550582 
0.1053357 0.132405 0.2816799 0.3215695 0.3787916 0.4360745 0.5084511 0.58351 0.9840867 1.144385 1.350005 1.550582 
0.07237487 0.1472323 0.2703496 0.3396642 0.3936783 0.3945023 0.6322675 0.8522619 0.9840867 1.144385 1.350005 1.550582 
0.1171299 0.1514152 0.2027182 0.2296747 0.2836721 0.3881415 1.319653 0.8522619 0.9840867 1.144385 1.350005 1.550582 
0.1618985 0.1498677 0.2247601 0.291273 0.4253144 0.5557969 0.7035318 0.8522619 0.9840867 1.144385 1.350005 1.550582 
0.1828741 0.124466 0.2459942 0.2854506 0.3394465 0.4112025 0.7035318 0.8522619 0.9840867 1.144385 1.350005 1.550582 
0.1111429 0.09493377 0.2656743 0.3063742 0.3697339 0.6119309 0.7035318 0.8522619 0.9840867 1.144385 1.350005 1.550582 
0.06062325 0.1729691 0.2320196 0.2561545 0.4563926 0.5557969 0.7035318 0.8522619 0.9840867 1.144385 1.350005 1.550582 
0.1168846 0.1158529 0.2077776 0.2893289 0.4001102 0.5557969 0.7035318 0.8522619 0.9840867 1.144385 1.350005 1.550582 
0.09680032 0.1325918 0.2403284 0.3238746 0.3890515 0.4826654 0.7035318 0.8522619 0.9840867 1.144385 1.350005 1.550582 
0.09533144 0.1115449 0.2337904 0.313872 0.4221998 0.4777309 0.5095262 0.8522619 0.9840867 1.144385 1.350005 1.550582 
0.1397537 0.1820871 0.1993592 0.2460854 0.3595319 0.5557969 0.7035318 0.8522619 0.9840867 1.144385 1.350005 1.550582 
0.08361862 0.1338314 0.2232978 0.2651011 0.2944314 0.6598041 0.7388012 0.8522619 0.9840867 1.144385 1.350005 1.550582 
0.07715216 0.1266478 0.2020969 0.3856408 0.4574256 0.5293303 0.6357077 0.8522619 0.9840867 1.144385 1.350005 1.550582 
0.1157555 0.1395462 0.217312 0.2961324 0.4011291 0.5393338 0.6583547 0.8522619 0.9840867 1.144385 1.350005 1.550582 
0.05257415 0.1000209 0.2462472 0.28972 0.3888821 0.5921569 0.6294711 0.7611534 0.9840867 1.144385 1.350005 1.550582 
0.08785866 0.1260027 0.2462381 0.2859746 0.3339393 0.5341796 0.7035318 0.8522619 0.9840867 1.144385 1.350005 1.550582 
0.05596999 0.1019398 0.2311051 0.2866915 0.4011559 0.6024806 0.7010418 0.8522619 0.9840867 1.144385 1.350005 1.550582 
0.06397631 0.108918 0.2751535 0.3246039 0.3820431 0.5557969 0.7035318 0.8522619 0.9840867 1.144385 1.350005 1.550582 
0.04693012 0.179047 0.2521815 0.3492373 0.3613665 0.5557969 0.7035318 0.8522619 0.9840867 1.144385 1.350005 1.550582 
0.06365118 0.06396216 0.2841003 0.3900747 0.4406254 0.6570541 0.5204606 0.8522619 0.9840867 1.144385 1.350005 1.550582 
0.05220643 0.104713 0.2180101 0.28288 0.4299356 0.5527657 0.7035318 0.8522619 0.9840867 1.144385 1.350005 1.550582 
0.03733641 0.184851 0.2791115 0.3687216 0.4372018 0.6076971 0.7787995 0.8522619 0.9840867 1.144385 1.350005 1.550582 
0.1644079 0.1754634 0.2330841 0.2936427 0.366497 0.4988031 0.7181823 0.8603901 0.6579751 1.144385 1.350005 1.550582 
0.04939622 0.1581078 0.1921761 0.2590688 0.3321864 0.4513515 0.6002911 0.5284094 0.9840867 1.144385 1.350005 1.550582 
0.03374934 0.129107 0.2478912 0.2773394 0.2794467 0.5557969 0.7035318 0.8522619 0.9840867 1.144385 1.350005 1.550582 
0.02501356 0.1789163 0.2840498 0.4709409 0.5010687 0.5276186 0.732435 0.852934 0.8879844 1.279738 1.695085 1.806153 
0.06780253 0.2107007 0.242154 0.3026821 0.3973548 0.4735262 0.7704152 1.065567 1.351351 1.568029 1.350005 2.293855 
0.04185013 0.1474796 0.457128 0.4518323 0.5361883 0.6550411 0.745195 0.9232431 1.001745 1.097865 1.192563 1.804035 
0.02695712 0.2437085 0.4040462 0.5199185 0.6056176 0.6841655 0.7920937 0.8163369 1.065034 1.120026 1.192563 2.6586 
0.01017999 0.2115015 0.3180428 0.5056271 0.5899368 0.6739847 0.804525 0.8304226 0.8643721 1.229368 1.22361 1.489292 
0.135128 0.2582808 0.3036157 0.3913031 0.7790797 0.8529081 0.9844118 1.11988 1.233693 1.229368 1.423133 1.489292 
0.1569649 0.2021229 0.2713424 0.3456273 0.4440297 0.5700673 0.7093423 0.8673106 1.075719 1.313342 1.578796 1.825753 
0.1569649 0.2021229 0.2713424 0.3456273 0.4440297 0.5700673 0.7093423 0.8673106 1.075719 1.313342 1.578796 1.825753 
0.1569649 0.2021229 0.2713424 0.3456273 0.4440297 0.5700673 0.7093423 0.8673106 1.075719 1.313342 1.578796 1.825753 
0.1569649 0.2021229 0.2713424 0.3456273 0.4440297 0.5700673 0.7093423 0.8673106 1.075719 1.313342 1.578796 1.825753 
0.1569649 0.2021229 0.2713424 0.3456273 0.4440297 0.5700673 0.7093423 0.8673106 1.075719 1.313342 1.578796 1.825753 
0.1569649 0.2021229 0.2713424 0.3456273 0.4440297 0.5700673 0.7093423 0.8673106 1.075719 1.313342 1.578796 1.825753 
0.1569649 0.2021229 0.2713424 0.3456273 0.4440297 0.5700673 0.7093423 0.8673106 1.075719 1.313342 1.578796 1.825753 
0.1569649 0.2021229 0.2713424 0.3456273 0.4440297 0.5700673 0.7093423 0.8673106 1.075719 1.313342 1.578796 1.825753 
0.1569649 0.2021229 0.2713424 0.3456273 0.4440297 0.5700673 0.7093423 0.8673106 1.075719 1.313342 1.578796 1.825753 
0.1569649 0.2021229 0.2713424 0.3456273 0.4440297 0.5700673 0.7093423 0.8673106 1.075719 1.313342 1.578796 1.825753 
0.2030919 0.2009822 0.2371281 0.2754207 0.3275101 0.3750594 0.5037833 0.8612334 0.9951477 1.159295 1.397407 1.534117 
0.1638569 0.1874818 0.2384203 0.2681818 0.3078269 0.3677967 0.4635753 0.7955722 0.9951477 1.159295 1.397407 1.534117 
0.1825628 0.2011661 0.2325852 0.2606243 0.2953161 0.3437894 0.4021003 0.4467673 0.9951477 1.159295 1.397407 1.534117 
0.1200638 0.1664255 0.2494177 0.2838452 0.329637 0.4176232 0.497039 0.6055891 0.9951477 1.159295 1.397407 1.534117 
0.1505348 0.1479664 0.2425581 0.2890085 0.3415929 0.4205233 0.4986646 0.5667258 0.9951477 1.159295 1.397407 1.534117 
0.1919913 0.2042753 0.2326363 0.2994191 0.3655892 0.4523599 0.5368949 0.6268484 0.6954171 1.159295 1.397407 1.534117 
0.1361433 0.2121146 0.2726873 0.3131973 0.4078675 0.4747013 0.5504372 0.6874024 0.9996096 1.159295 1.397407 1.534117 
0.1259414 0.1368658 0.2180562 0.3348158 0.4070682 0.4551333 0.4922724 0.563898 0.8239994 1.159295 1.397407 1.534117 
0.1822906 0.1973105 0.2206887 0.3397598 0.44409 0.4901572 0.5387604 0.801143 1.107982 1.159295 1.397407 1.534117 
0.2111558 0.2236172 0.2572982 0.3103899 0.4364148 0.5361887 0.5793075 0.6247533 0.9483304 1.159295 1.397407 1.534117 
0.1098262 0.2713287 0.3181273 0.3802178 0.4565203 0.5720521 0.6752881 0.7524131 0.7968016 1.484836 1.397407 1.534117 
0.1704744 0.1356418 0.2947525 0.4184593 0.4691518 0.5384668 0.6571212 0.7614801 0.8292949 0.9211298 0.9661431 1.211166 
0.1469132 0.1857306 0.2301513 0.2959775 0.470392 0.5446617 0.6045111 0.7123569 0.8440921 0.967783 1.334361 1.534117 
0.1619597 0.1771304 0.2464664 0.3196657 0.3886246 0.5331162 0.6837792 0.8202819 0.9249876 1.117027 1.827258 1.534117 
0.1953464 0.2264017 0.2873626 0.3466979 0.4535636 0.6142527 0.7832115 0.8835419 1.013909 1.177842 1.581076 1.534117 
0.1735936 0.1895778 0.2662159 0.3390769 0.4245378 0.5626784 0.7969063 1.012164 1.186804 1.425176 1.797483 1.534117 
0.1893029 0.1925645 0.2807511 0.3617778 0.5121545 0.7041861 0.9541339 1.182428 1.355904 1.445308 2.008467 1.534117 
0.1742484 0.1957367 0.2657103 0.3599498 0.5178513 0.6991787 0.88718 1.083549 1.286712 1.528823 1.786438 1.778663 
0.1509109 0.1650645 0.2507305 0.3426146 0.5389495 0.7938069 1.024765 1.218285 1.403722 1.583515 1.933449 2.526217 
0.1607783 0.1667084 0.2590835 0.3377261 0.4942268 0.7894252 1.03884 1.234885 1.396515 1.653717 1.840768 1.95196 
0.1875431 0.1985347 0.2615524 0.3568495 0.4861258 0.800854 1.057831 1.159366 1.310321 1.454356 1.655568 2.052048 
0.1827897 0.2019619 0.2659981 0.335745 0.4551464 0.6135966 0.8679887 1.119457 1.394582 1.568499 1.812766 1.929316 
0.1822036 0.2012994 0.2651834 0.3299343 0.4489459 0.6375906 0.8595344 1.09259 1.312006 1.499319 1.665383 2.07272 
0.1735988 0.1921572 0.2492843 0.3051026 0.4031291 0.5875839 0.7864184 1.025697 1.261034 1.503562 1.733677 1.860694 
0.1954196 0.203685 0.2592072 0.3111681 0.3962746 0.5201817 0.6852567 0.857342 1.065275 1.394546 1.517042 1.771539 
0.082582 0.234478 0.2801149 0.3182222 0.3960397 0.5063872 0.6423895 0.7514278 0.9196058 1.160149 1.323906 1.605558 
0.1143924 0.1855874 0.2887004 0.3494106 0.4129838 0.5122648 0.6184664 0.7598961 0.9379996 1.040574 1.312011 1.724854 
0.1243306 0.1871145 0.2304796 0.3325443 0.4313013 0.5125954 0.624507 0.7766413 0.9092883 1.055941 1.228111 1.541965 
0.03337352 0.2154472 0.2869859 0.3363636 0.4212746 0.5248796 0.620094 0.7263266 0.8799001 1.016186 1.16031 1.479209 
0.1377923 0.1392881 0.2729103 0.3464209 0.4181168 0.5391295 0.623629 0.7589351 0.8920185 1.00727 1.137679 1.398248 
0.09494105 0.1822053 0.2364179 0.3212679 0.4136182 0.5393345 0.6506042 0.796128 1.056248 1.374346 1.560477 1.778165 
0.1978765 0.2022304 0.2956427 0.3602342 0.4783161 0.6403294 0.8059928 1.024834 1.26082 1.450085 1.873952 1.980855 
0.2005579 0.2131461 0.2970146 0.348841 0.4911934 0.6500815 0.8267282 1.061953 0.9679411 1.835302 2.222267 2.795959 
0.2176232 0.2446284 0.3120416 0.3807236 0.4482379 0.5798685 0.713884 0.9259645 1.292328 1.750509 2.08191 2.512122 
0.1917349 0.2653017 0.4181467 0.5439669 0.6432128 0.7854738 0.9132176 1.002492 1.34541 1.592197 2.406573 2.971161 
0.2140241 0.2140062 0.2818678 0.4795617 0.6104215 0.7464198 0.8841498 0.9904708 1.048912 1.238705 1.129591 1.48281 
0.2357683 0.2579246 0.3164536 0.3766218 0.4833772 0.5841827 0.790988 0.8716476 1.132441 1.284122 1.543783 2.045138 
0.1818216 0.2255663 0.2946036 0.3683379 0.4435464 0.5488533 0.6760053 0.921708 1.095721 1.390573 1.741291 1.582858 
0.1053533 0.2408689 0.3039696 0.3757951 0.4928608 0.5935819 0.7710815 0.9223757 1.341552 1.62739 1.791614 2.548984 
0.01872559 0.2677763 0.3054758 0.3926003 0.4817444 0.5780667 0.6825505 0.7590327 0.8876401 1.338831 1.978292 2.906318 
0.06212132 0.2297413 0.3021617 0.4241827 0.5604646 0.686345 0.8131479 1.014132 1.203624 1.366459 1.407528 2.80147 
0.2309736 0.2716323 0.3178626 0.404861 0.5615503 0.6949776 0.8085453 0.9555027 1.114651 1.404356 1.484232 1.692851 
0.025 0.3550284 0.4370807 0.5599096 0.6899499 0.8058254 0.9254017 1.056996 1.231054 1.127778 1.414616 1.620497 
0.196 0.2749107 0.4041114 0.5110605 0.6127801 0.7362143 0.9345604 1.057217 1.244188 1.367907 1.539526 2.127844 
0.196 0.2951185 0.3314879 0.4021475 0.4931793 0.5515101 0.7005082 0.7009495 1.051336 1.176433 2.124869 2.127844 
0.045 0.171 0.377 0.642 0.945 1.265 1.587 1.9 2.196 2.47 2.721 2.946 
0.045 0.171 0.377 0.643 0.946 1.266 1.588 1.902 2.198 2.472 2.723 2.949 
0.03 0.13 0.306 0.548 0.835 1.148 1.47 1.789 2.095 2.382 2.647 2.887 
0.037 0.147 0.33 0.568 0.842 1.134 1.43 1.718 1.991 2.246 2.478 2.688 
0.038 0.147 0.326 0.558 0.825 1.108 1.393 1.671 1.934 2.178 2.402 2.603 
0.034 0.136 0.31 0.54 0.808 1.095 1.387 1.674 1.946 2.201 2.434 2.645 
0.044 0.16 0.34 0.567 0.822 1.087 1.351 1.606 1.845 2.065 2.266 2.446 
0.032 0.13 0.294 0.51 0.76 1.028 1.3 1.566 1.818 2.054 2.27 2.465 
0.032 0.129 0.295 0.516 0.774 1.05 1.332 1.608 1.872 2.117 2.343 2.547 
0.036 0.138 0.304 0.518 0.762 1.02 1.28 1.532 1.77 1.991 2.193 2.375 
0.036 0.136 0.298 0.506 0.743 0.994 1.245 1.49 1.721 1.934 2.13 2.306 
0.041 0.148 0.314 0.524 0.758 1.003 1.247 1.481 1.702 1.905 2.089 2.255 
0.039 0.144 0.309 0.519 0.755 1.002 1.249 1.488 1.712 1.92 2.108 2.278 
0.042 0.138 0.28 0.451 0.638 0.828 1.014 1.191 1.356 1.507 1.643 1.764 
0.044 0.156 0.328 0.541 0.778 1.024 1.267 1.501 1.719 1.921 2.103 2.267 
0.04 0.149 0.322 0.541 0.789 1.048 1.308 1.558 1.794 2.012 2.211 2.389 
0.042 0.151 0.323 0.539 0.781 1.033 1.285 1.527 1.755 1.965 2.156 2.327 
0.034 0.132 0.294 0.504 0.745 1.001 1.26 1.512 1.751 1.973 2.176 2.359 
0.038 0.145 0.315 0.533 0.78 1.041 1.302 1.554 1.793 2.013 2.215 2.396 
0.044 0.158 0.337 0.561 0.812 1.074 1.334 1.585 1.821 2.038 2.236 2.413 
0.042 0.15 0.32 0.532 0.769 1.017 1.263 1.499 1.722 1.927 2.113 2.28 
0.039 0.142 0.305 0.511 0.743 0.985 1.227 1.461 1.68 1.883 2.068 2.234 
0.04 0.148 0.318 0.534 0.776 1.031 1.286 1.531 1.763 1.976 2.171 2.346 
0.039 0.147 0.323 0.549 0.807 1.08 1.354 1.62 1.871 2.104 2.317 2.508 
0.036 0.147 0.335 0.584 0.874 1.186 1.503 1.813 2.109 2.385 2.638 2.867 
0.038 0.146 0.318 0.54 0.792 1.058 1.325 1.583 1.827 2.053 2.26 2.446 
0.038 0.145 0.317 0.537 0.788 1.053 1.318 1.576 1.82 2.045 2.251 2.436 
0.045 0.152 0.312 0.506 0.72 0.94 1.155 1.361 1.553 1.729 1.889 2.031 
0.04 0.14 0.294 0.483 0.693 0.911 1.126 1.333 1.526 1.703 1.864 2.008 
0.037 0.146 0.324 0.557 0.824 1.107 1.394 1.673 1.938 2.183 2.408 2.611 
0.035 0.145 0.336 0.592 0.893 1.218 1.55 1.877 2.189 2.481 2.75 2.994 
0.033 0.139 0.324 0.572 0.864 1.18 1.504 1.822 2.127 2.412 2.674 2.912 
0.036 0.145 0.33 0.576 0.861 1.167 1.478 1.783 2.074 2.344 2.593 2.817 
0.04 0.154 0.341 0.584 0.862 1.157 1.454 1.743 2.017 2.272 2.504 2.714 
0.038 0.149 0.333 0.574 0.852 1.148 1.447 1.74 2.017 2.275 2.511 2.724 
0.037 0.15 0.341 0.595 0.89 1.206 1.527 1.842 2.142 2.422 2.678 2.911 
0.038 0.152 0.347 0.606 0.907 1.23 1.558 1.88 2.187 2.473 2.735 2.973 
0.038 0.149 0.335 0.579 0.861 1.161 1.465 1.762 2.044 2.306 2.546 2.763 
0.036 0.146 0.334 0.585 0.876 1.19 1.51 1.823 2.122 2.4 2.656 2.888 
0.038 0.15 0.337 0.582 0.865 1.167 1.474 1.773 2.057 2.321 2.563 2.782 
0.039 0.15 0.332 0.567 0.837 1.123 1.411 1.691 1.956 2.203 2.428 2.631 
0.031 0.143 0.351 0.644 1 1.395 1.806 2.217 2.614 2.99 3.337 3.655 
0.032 0.145 0.349 0.632 0.971 1.344 1.731 2.115 2.485 2.834 3.156 3.449 
0.032 0.145 0.349 0.632 0.971 1.344 1.731 2.115 2.485 2.834 3.156 3.449 
0.032 0.145 0.349 0.632 0.971 1.344 1.731 2.115 2.485 2.834 3.156 3.449 
0.0328 0.1396 0.3278 0.5842 0.8892 1.2228 1.5676 1.9102 2.405 2.739 3.0466 3.3266 
0.0366 0.1433 0.3204 0.5526 0.8212 1.109 1.4017 1.689 2.405 2.739 3.0466 3.3266 
0.0295 0.1318 0.3182 0.578 0.8921 1.2397 1.6025 1.9656 2.405 2.739 3.0466 3.3266 
0.0307 0.1359 0.3264 0.591 0.9097 1.2617 1.6284 1.9949 2.405 2.739 3.0466 3.3266 
0.0299 0.1335 0.3224 0.5857 0.9039 1.256 1.6235 1.9912 2.405 2.739 3.0466 3.3266 
0.0288 0.1308 0.319 0.5835 0.9051 1.2625 1.6367 2.0122 2.405 2.739 3.0466 3.3266 
0.0311 0.1336 0.3153 0.564 0.8607 1.186 1.5229 1.8581 2.405 2.739 3.0466 3.3266 
0.0314 0.134 0.3151 0.5624 0.8567 1.1788 1.512 1.8432 2.405 2.739 3.0466 3.3266 
0.03429559 0.1372606 0.310734 0.5403961 0.8079192 1.095996 1.390305 1.67997 2.405 2.739 3.0466 3.3266 
0.03856855 0.1488307 0.3297602 0.5651948 0.8360998 1.12516 1.418395 1.705398 2.405 2.739 3.0466 3.3266 
0.1570976 0.2230949 0.3286991 0.4290298 0.6133768 0.7405042 0.8348471 0.9347027 1.049392 1.145142 1.30798 1.543105 
0.1570976 0.2230949 0.3286991 0.4290298 0.6133768 0.7405042 0.8348471 0.9347027 1.049392 1.145142 1.30798 1.543105 
0.1570976 0.2230949 0.3286991 0.4290298 0.6133768 0.7405042 0.8348471 0.9347027 1.049392 1.145142 1.30798 1.543105 
0.1570976 0.2230949 0.3286991 0.4290298 0.6133768 0.7405042 0.8348471 0.9347027 1.049392 1.145142 1.30798 1.543105 
0.1570976 0.2230949 0.3286991 0.4290298 0.6133768 0.7405042 0.8348471 0.9347027 1.049392 1.145142 1.30798 1.543105 
0.1570976 0.2230949 0.3286991 0.4290298 0.6133768 0.7405042 0.8348471 0.9347027 1.049392 1.145142 1.30798 1.543105 
0.1570976 0.2230949 0.3286991 0.4290298 0.6133768 0.7405042 0.8348471 0.9347027 1.049392 1.145142 1.30798 1.543105 
0.1570976 0.2230949 0.3286991 0.4290298 0.6133768 0.7405042 0.8348471 0.9347027 1.049392 1.145142 1.30798 1.543105 
0.1570976 0.2230949 0.3286991 0.4290298 0.6133768 0.7405042 0.8348471 0.9347027 1.049392 1.145142 1.30798 1.543105 
0.1570976 0.2230949 0.3286991 0.4290298 0.6133768 0.7405042 0.8348471 0.9347027 1.049392 1.145142 1.30798 1.543105 
0.1570976 0.2230949 0.3286991 0.4290298 0.6133768 0.7405042 0.8348471 0.9347027 1.049392 1.145142 1.30798 1.543105 
0.1570976 0.2230949 0.3286991 0.4290298 0.6133768 0.7405042 0.8348471 0.9347027 1.049392 1.145142 1.30798 1.543105 
0.1570976 0.2230949 0.3286991 0.4290298 0.6133768 0.7405042 0.8348471 0.9347027 1.049392 1.145142 1.30798 1.543105 
0.1570976 0.2230949 0.3286991 0.4290298 0.6133768 0.7405042 0.8348471 0.9347027 1.049392 1.145142 1.30798 1.543105 
0.1570976 0.2230949 0.3286991 0.4290298 0.6133768 0.7405042 0.8348471 0.9347027 1.049392 1.145142 1.30798 1.543105 
0.1570976 0.2230949 0.3286991 0.4290298 0.6133768 0.7405042 0.8348471 0.9347027 1.049392 1.145142 1.30798 1.543105 
0.1570976 0.2230949 0.3286991 0.4290298 0.6133768 0.7405042 0.8348471 0.9347027 1.049392 1.145142 1.30798 1.543105 
0.1570976 0.2230949 0.3286991 0.4290298 0.6133768 0.7405042 0.8348471 0.9347027 1.049392 1.145142 1.30798 1.543105 
0.1570976 0.2230949 0.3286991 0.4290298 0.6133768 0.7405042 0.8348471 0.9347027 1.049392 1.145142 1.30798 1.543105 
0.1570976 0.2230949 0.3286991 0.4290298 0.6133768 0.7405042 0.8348471 0.9347027 1.049392 1.145142 1.30798 1.543105 
0.1570976 0.2230949 0.3286991 0.4290298 0.6133768 0.7405042 0.8348471 0.9347027 1.049392 1.145142 1.30798 1.543105 
0.1570976 0.2230949 0.3286991 0.4290298 0.6133768 0.7405042 0.8348471 0.9347027 1.049392 1.145142 1.30798 1.543105 
0.1570976 0.2230949 0.3286991 0.4290298 0.6133768 0.7405042 0.8348471 0.9347027 1.049392 1.145142 1.30798 1.543105 
0.1570976 0.2230949 0.3286991 0.4290298 0.6133768 0.7405042 0.8348471 0.9347027 1.049392 1.145142 1.30798 1.543105 
0.1570976 0.2230949 0.3286991 0.4290298 0.6133768 0.7405042 0.8348471 0.9347027 1.049392 1.145142 1.30798 1.543105 
0.1570976 0.2230949 0.3286991 0.4290298 0.6133768 0.7405042 0.8348471 0.9347027 1.049392 1.145142 1.30798 1.543105 
0.1570976 0.2230949 0.3286991 0.4290298 0.6133768 0.7405042 0.8348471 0.9347027 1.049392 1.145142 1.30798 1.543105 
0.1570976 0.2230949 0.3286991 0.4290298 0.6133768 0.7405042 0.8348471 0.9347027 1.049392 1.145142 1.30798 1.543105 
0.1570976 0.2230949 0.3286991 0.4290298 0.6133768 0.7405042 0.8348471 0.9347027 1.049392 1.145142 1.30798 1.543105 
0.1570976 0.2230949 0.3286991 0.4290298 0.6133768 0.7405042 0.8348471 0.9347027 1.049392 1.145142 1.30798 1.543105 
0.1570976 0.2230949 0.3286991 0.4290298 0.6133768 0.7405042 0.8348471 0.9347027 1.049392 1.145142 1.30798 1.543105 
0.1570976 0.2230949 0.3286991 0.4290298 0.6133768 0.7405042 0.8348471 0.9347027 1.049392 1.145142 1.30798 1.543105 
0.1570976 0.2230949 0.3286991 0.4290298 0.6133768 0.7405042 0.8348471 0.9347027 1.049392 1.145142 1.30798 1.543105 
0.1570976 0.2230949 0.3286991 0.4290298 0.6133768 0.7405042 0.8348471 0.9347027 1.049392 1.145142 1.30798 1.543105 
0.1570976 0.2230949 0.3286991 0.4290298 0.6133768 0.7405042 0.8348471 0.9347027 1.049392 1.145142 1.30798 1.543105 
0.1570976 0.2230949 0.3286991 0.4290298 0.6133768 0.7405042 0.8348471 0.9347027 1.049392 1.145142 1.30798 1.543105 
0.1570976 0.2230949 0.3286991 0.4290298 0.6133768 0.7405042 0.8348471 0.9347027 1.049392 1.145142 1.30798 1.543105 
0.1570976 0.2230949 0.3286991 0.4290298 0.6133768 0.7405042 0.8348471 0.9347027 1.049392 1.145142 1.30798 1.543105 
0.1570976 0.2230949 0.3286991 0.4290298 0.6133768 0.7405042 0.8348471 0.9347027 1.049392 1.145142 1.30798 1.543105 
0.1570976 0.2230949 0.3286991 0.4290298 0.6133768 0.7405042 0.8348471 0.9347027 1.049392 1.145142 1.30798 1.543105 
0.1570976 0.2230949 0.3286991 0.4290298 0.6133768 0.7405042 0.8348471 0.9347027 1.049392 1.145142 1.30798 1.543105 
0.1570976 0.2230949 0.3286991 0.4290298 0.6133768 0.7405042 0.8348471 0.9347027 1.049392 1.145142 1.30798 1.543105 
0.1570976 0.2230949 0.3286991 0.4290298 0.6133768 0.7405042 0.8348471 0.9347027 1.049392 1.145142 1.30798 1.543105 
0.1570976 0.2230949 0.3286991 0.4290298 0.6133768 0.7405042 0.8348471 0.9347027 1.049392 1.145142 1.30798 1.543105 
0.1570976 0.2230949 0.3286991 0.4290298 0.6133768 0.7405042 0.8348471 0.9347027 1.049392 1.145142 1.30798 1.543105 
0.2277163 0.2479763 0.2949346 0.4341676 0.6548281 0.8175691 0.9325919 1.097617 1.214485 1.325849 1.270054 1.822918 
0.3107392 0.3827896 0.3991144 0.4283434 0.4813015 0.6104505 0.837006 0.8826694 0.985119 1.093841 1.535457 1.264915 
0.05911567 0.191747 0.4696284 0.5485503 0.6590853 0.7032152 0.7388591 0.9223704 0.9621061 1.093707 1.359284 1.543105 
0.0663342 0.1463582 0.3051961 0.387927 0.5070352 0.6064834 0.648915 0.6343477 0.7784029 0.8678509 1.051457 1.679907 
0.1267247 0.1357683 0.2442465 0.5099079 0.789683 0.9268152 1.04037 1.042165 1.128137 1.263351 1.249168 1.404681 
0.1519559 0.2339302 0.2590749 0.2652827 0.5883277 0.7784921 0.81134 1.029047 1.228105 1.226253 1.382457 1.543105 
0.1028666 0.2043553 0.2513063 0.276745 0.2787436 0.3434552 0.5437368 0.6695599 0.6171546 0.9661307 1.031824 0.979 
0.1536478 0.1412025 0.2178014 0.2511207 0.2781832 0.5439168 0.7848716 0.9331864 1.089578 1.252001 1.362305 1.490308 
0.1512424 0.1872914 0.2114235 0.2241685 0.3101721 0.3969692 0.5125629 0.6531007 0.7576115 0.8209228 0.9115391 1.162715 
0.196 0.2190432 0.2671958 0.469282 0.7120413 0.8210945 1.096849 1.131 1.367 0.8209228 0.9115391 1.162715 
#Inum 
7 
#Inames 
Chile_AcousCS%Chile_AcousN%Chile_CPUE%DEPM%Peru_Acoustic%Peru_CPUE%Offshore_CPUE 
#Inumyears 
13 
24 
42 
9 
28 
23 
16 
#Iyears 
1997 1998 1999 2000 2001 2002 2003 2004 2005 2006 2007 2008 2009 
1984 1985 1986 1987 1988 1991 2006 2007 2008 2009 2010 2011 2012 2013 2014 2015 2016 2017 2018 2019 2020 2021 2023 2024 
1983 1984 1985 1986 1987 1988 1989 1990 1991 1992 1993 1994 1995 1996 1997 1998 1999 2000 2001 2002 2003 2004 2005 2006 2007 2008 2009 2010 2011 2012 2013 2014 2015 2016 2017 2018 2019 2020 2021 2022 2023 2024 
1999 2000 2001 2003 2004 2005 2006 2007 2008 
1985 1986 1987 1988 1989 1990 1991 1992 1993 1994 1995 1996 1997 1998 1999 2000 2001 2002 2003 2004 2005 2006 2007 2008 2010 2011 2012 2013 
2002 2003 2004 2005 2006 2007 2008 2009 2010 2011 2012 2013 2014 2015 2016 2017 2018 2019 2020 2021 2022 2023 2024 
2008 2009 2010 2011 2012 2013 2014 2015 2016 2017 2018 2019 2020 2021 2022 2023 
#Imonths 
6 
11 
6 
10.5 
1.5 
2 
6 
#Index 
3530 3200 4100 5600 5950 3700 2640 2640 4110 3192 3140 487 328 
99 324 123 213 134 242 112 275 259 18 440 432 230 144 87 459 587.244 610.47 374.1102 1487.07 1728.268 1870.357 2502.157 2788.465 
0.83 0.7623 0.666468 0.5627734 0.6532053 0.5801039 0.5648881 0.484674 0.5351919 0.4841641 0.4341034 0.4745293 0.4166009 0.4124349 0.3388109 0.2924198 0.2980102 0.2866007 0.3421506 0.2974207 0.2617302 0.2834048 0.2565218 0.277765 0.2042763 0.1400078 0.1155065 0.0838577 0.04528316 0.1494344 0.1257491 0.1025225 0.08699764 0.1507234 0.1776383 0.1125516 0.1949957 0.2550962 0.2730218 0.2770489 0.260899 0.2649128 
5724 4688 5627 1388 3287 1043 3283 626 1935 
94.31599 108.1158 109.7887 114.1796 157.3945 229.7567 231.6719 180.3548 145.7255 95.24525 54.25731 29.96718 31.66443 43.99435 52.68116 105.7835 131.5858 96.66069 67.47057 51.85284 75.1713 111.2588 79.74965 24.25087 7.247058 35.28309 50.33216 64.50417 
4.017664 4.75805 5.115251 4.052779 5.355011 7.353866 3.764165 1.324269 2.450098 6.294727 5.494595 2.41884 3.241019 2.621944 2.236029 2.83309 8.119409 13.57969 14.63776 17.77777 22.30415 22.51998 20.92127 
1653.68 1161.929 805.1939 700.1937 596.19 688.0134 725.4311 967.4574 719.9603 888.3772 778.1954 923.5485 1242.039 1612.934 2969.758 1991.159 
#Indexerr 
1059 960 1230 1680 1785 1110 792 792 1233 957.6 942 146.1 98.4 
29.7 97.2 36.9 63.9 40.2 72.6 33.6 82.5 77.7 5.4 132 129.6 69 43.2 26.1 137.7 176.1732 183.141 112.2331 446.121 518.4804 561.1071 750.6471 836.5395 
0.166 0.15246 0.1332936 0.1125547 0.1306411 0.1160208 0.1129776 0.0969348 0.1070384 0.09683283 0.08682068 0.09490585 0.08332018 0.08248698 0.06776217 0.05848397 0.05960204 0.05732014 0.06843013 0.05948414 0.05234604 0.05668095 0.05130436 0.055553 0.04085526 0.02800157 0.02310129 0.01677154 0.009056631 0.02988688 0.02514981 0.02050449 0.01739953 0.03014468 0.03552766 0.02251033 0.03899914 0.05101923 0.05460437 0.05540978 0.0521798 0.1059651 
2862 2344 2813.5 694 1643.5 521.5 1641.5 313 967.5 
28.2948 32.43474 32.93661 34.25388 47.21835 68.92701 69.50157 54.10644 43.71765 28.57358 16.27719 8.990154 9.499329 13.1983 15.80435 31.73505 39.47574 28.99821 20.24117 15.55585 22.55139 33.37764 23.92489 7.275261 2.174117 10.58493 15.09965 19.35125 
0.8035328 0.9516101 1.02305 0.8105557 1.071002 1.470773 0.7528329 0.2648537 0.4900197 1.258945 1.098919 0.4837679 0.6482038 0.5243887 0.4472059 0.5666181 1.623882 2.715938 2.927553 3.555555 4.460829 4.503995 8.368508 
330.7361 232.3859 161.0388 140.0387 119.238 137.6027 145.0862 193.4915 143.9921 177.6754 155.6391 184.7097 248.4078 322.5868 593.9516 398.2318 
#Inumageyears 
9 
14 
0 
6 
0 
0 
0 
#Inumlengthyears 
0 
0 
0 
0 
0 
0 
0 
#Iyearsage 
2001 2002 2003 2004 2005 2006 2007 2008 2009 
2006 2007 2009 2013 2014 2015 2016 2017 2018 2019 2020 2021 2023 2024 
2001 2003 2004 2005 2006 2008 
#Iyearslength 
#Iagesample 
6.803999 6.803999 6.803999 6.803999 6.803999 6.803999 6.803999 6.803999 6.803999 
12.43924 12.43924 12.43924 12.43924 12.43924 12.43924 12.43924 12.43924 12.43924 12.43924 12.43924 12.43924 12.43924 12.43924 
1 1 1 1 1 1 
#Ilengthsample 
#Ipropage 
79900114 4929671201 912323109 1484637385 526101282 357930316 155401324 127305383 62463938 78042763 19510691 27224875 
149626586 3750966573 2246242508 1033153986 371193130 440706492 150814501 81021928 14925092 0 4264312 2132156 
121805172 2719728185 3042808825 2106137684 710436454 343204238 171829205 117328312 47688282 70396987 4541741 27250446 
69247727 1368261812 2035795466 2661406301 1847311794 1107109990 977370775 474741320 142710833 41483251 565512 15569405 
136968990 1565368794 2588641612 5410561483 2131935154 638605129 299178045 162771230 118659263 61189558 29592028 1024366 
0 11977885 642031782 1689456384 1601214694 407161463 296032640 199964875 90227686 51217478 14968399 9124084 
0 0 116909073 729108922 997645849 1105147239 960685346 669580175 401835168 100582557 85185331 38599074 
0 0 0 114856488 316610469 235286600 119756718 87378769 33672315 19853462 13812384 15169682 
0 0 0 0 7022531 240576408 193411990 129318993 137624069 48201144 27782702 25469217 
314182457 730860646 11130065 0 0 0 0 0 0 0 0 0 
104901023 827138151 318284359 104208127 26676362 0 0 0 0 0 0 0 
90415650 40751224 1040810 105980 95425 0 0 0 0 0 0 0 
352635730 99449256 162612686 117769451 39459468 8121776 617809 0 0 0 0 0 
1513110965 36027909 5207472 19260760 12260213 0 0 0 0 0 0 0 
4148979594 1178231756 237687857 137296676 39810017 2281131 1268613 0 0 0 0 0 
4909363935 1306797663 282728838 127339089 45462323 27689630 13556200 0 4016267 0 0 0 
6505460255 1390111064 481417630 110777065 34460528 0 4504618 0 0 0 0 0 
9400054907 506578095 107735337 21122802 10651602 3650419 3091627 854578 0 0 0 0 
1338769115 5059062305 1702772500 313053153 73795885 47260405 6554281 0 0 0 0 0 
2075640492 715513768 2285598677 2810449621 973363801 153178195 0 0 0 0 0 0 
7722677667 60021101 1642708526 1719647306 563138537 357534382 187812114 0 7913599 0 0 0 
314185366 1208576960 1572520513 1460553756 924944928 737214085 378962733 73364878 22727434 0 0 0 
8974677022 211702156 720775781 1182489736 1146799967 706619140 514098857 69589075 3610955 992643.1 0 0 
0 3787 8944 9208 1436 700 420 401 182 58 14 9 
0 54 529 837 336 563 398 400 219 84 35 6 
0 122 1217 2801 1511 719 405 584 376 168 66 9 
0 0 0 21 1115 718 485 336 136 94 57 0 
0 0 6 216 1232 1892 1473 849 304 114 78 0 
0 0 0 146 419 778 982 716 323 194 9 9 
#Iproplength 
#Iwtatage 
0.09994268 0.182079 0.2788405 0.3715603 0.4543645 0.5463592 0.6346528 0.7930076 0.9196452 1.078658 1.263611 1.387927 
0.09994268 0.182079 0.2788405 0.3715603 0.4543645 0.5463592 0.6346528 0.7930076 0.9196452 1.078658 1.263611 1.387927 
0.09994268 0.182079 0.2788405 0.3715603 0.4543645 0.5463592 0.6346528 0.7930076 0.9196452 1.078658 1.263611 1.387927 
0.09994268 0.182079 0.2788405 0.3715603 0.4543645 0.5463592 0.6346528 0.7930076 0.9196452 1.078658 1.263611 1.387927 
0.09994268 0.182079 0.2788405 0.3715603 0.4543645 0.5463592 0.6346528 0.7930076 0.9196452 1.078658 1.263611 1.387927 
0.09994268 0.182079 0.2788405 0.3715603 0.4543645 0.5463592 0.6346528 0.7930076 0.9196452 1.078658 1.263611 1.387927 
0.09994268 0.182079 0.2788405 0.3715603 0.4543645 0.5463592 0.6346528 0.7930076 0.9196452 1.078658 1.263611 1.387927 
0.09994268 0.182079 0.2788405 0.3715603 0.4543645 0.5463592 0.6346528 0.7930076 0.9196452 1.078658 1.263611 1.387927 
0.09994268 0.182079 0.2788405 0.3715603 0.4543645 0.5463592 0.6346528 0.7930076 0.9196452 1.078658 1.263611 1.387927 
0.09994268 0.182079 0.2788405 0.3715603 0.4543645 0.5463592 0.6346528 0.7930076 0.9196452 1.078658 1.263611 1.387927 
0.09994268 0.182079 0.2788405 0.3715603 0.4543645 0.5463592 0.6346528 0.7930076 0.9196452 1.078658 1.263611 1.387927 
0.09994268 0.182079 0.2788405 0.3715603 0.4543645 0.5463592 0.6346528 0.7930076 0.9196452 1.078658 1.263611 1.387927 
0.09994268 0.182079 0.2788405 0.3715603 0.4543645 0.5463592 0.6346528 0.7930076 0.9196452 1.078658 1.263611 1.387927 
0.09994268 0.182079 0.2788405 0.3715603 0.4543645 0.5463592 0.6346528 0.7930076 0.9196452 1.078658 1.263611 1.387927 
0.09994268 0.182079 0.2788405 0.3715603 0.4543645 0.5463592 0.6346528 0.7930076 0.9196452 1.078658 1.263611 1.387927 
0.09994268 0.182079 0.2788405 0.3715603 0.4543645 0.5463592 0.6346528 0.7930076 0.9196452 1.078658 1.263611 1.387927 
0.09994268 0.182079 0.2788405 0.3715603 0.4543645 0.5463592 0.6346528 0.7930076 0.9196452 1.078658 1.263611 1.387927 
0.09994268 0.182079 0.2788405 0.3715603 0.4543645 0.5463592 0.6346528 0.7930076 0.9196452 1.078658 1.263611 1.387927 
0.09994268 0.182079 0.2788405 0.3715603 0.4543645 0.5463592 0.6346528 0.7930076 0.9196452 1.078658 1.263611 1.387927 
0.09994268 0.182079 0.2788405 0.3715603 0.4543645 0.5463592 0.6346528 0.7930076 0.9196452 1.078658 1.263611 1.387927 
0.09994268 0.182079 0.2788405 0.3715603 0.4543645 0.5463592 0.6346528 0.7930076 0.9196452 1.078658 1.263611 1.387927 
0.09994268 0.182079 0.2788405 0.3715603 0.4543645 0.5463592 0.6346528 0.7930076 0.9196452 1.078658 1.263611 1.387927 
0.09994268 0.182079 0.2788405 0.3715603 0.4543645 0.5463592 0.6346528 0.7930076 0.9196452 1.078658 1.263611 1.387927 
0.09994268 0.182079 0.2788405 0.3715603 0.4543645 0.5463592 0.6346528 0.7930076 0.9196452 1.078658 1.263611 1.387927 
0.09994268 0.182079 0.2788405 0.3715603 0.4543645 0.5463592 0.6346528 0.7930076 0.9196452 1.078658 1.263611 1.387927 
0.09994268 0.182079 0.2788405 0.3715603 0.4543645 0.5463592 0.6346528 0.7930076 0.9196452 1.078658 1.263611 1.387927 
0.09994268 0.182079 0.2788405 0.3715603 0.4543645 0.5463592 0.6346528 0.7930076 0.9196452 1.078658 1.263611 1.387927 
0.09994268 0.182079 0.2788405 0.3715603 0.4543645 0.5463592 0.6346528 0.7930076 0.9196452 1.078658 1.263611 1.387927 
0.09994268 0.182079 0.2788405 0.3715603 0.4543645 0.5463592 0.6346528 0.7930076 0.9196452 1.078658 1.263611 1.387927 
0.09994268 0.182079 0.2788405 0.3715603 0.4543645 0.5463592 0.6346528 0.7930076 0.9196452 1.078658 1.263611 1.387927 
0.09994268 0.182079 0.2788405 0.3715603 0.4543645 0.5463592 0.6346528 0.7930076 0.9196452 1.078658 1.263611 1.387927 
0.09273487 0.1159569 0.2557574 0.2837557 0.3450714 0.4557244 0.5412943 0.7667197 0.7473898 0.9855534 1.017047 1.227367 
0.168107 0.1542732 0.2048361 0.2678992 0.4066618 0.49404 0.5524016 0.7062061 0.8925434 1.159295 1.253547 1.106759 
0.1979971 0.19619 0.2288886 0.2877805 0.3716487 0.516257 0.6611735 0.7055497 0.833299 0.7927114 1.635673 1.436467 
0.186807 0.1951427 0.2454678 0.3083617 0.4015063 0.4787139 0.5697307 0.7136407 0.7707582 0.8361359 1.549615 1.179069 
0.1944596 0.2088189 0.2487416 0.27944 0.3628629 0.4715555 0.6003376 0.8185494 0.9121641 1.24266 0.9965643 1.44474 
0.06212132 0.2331852 0.2857881 0.3230713 0.3798526 0.4730543 0.5638053 0.6875966 0.8341199 0.8415965 1.056659 1.148588 
0.06212132 0.1787751 0.3719255 0.3982995 0.4649542 0.5392459 0.6420699 0.7831152 0.8665222 1.035691 1.117162 1.504877 
0.06212132 0.1787751 0.2595086 0.3924095 0.4340323 0.5086302 0.6020903 0.6712577 0.8891552 1.031735 1.146654 1.361558 
0.06212132 0.1787751 0.2595086 0.3218395 0.4459439 0.523247 0.5819972 0.6930168 0.7564589 0.8813735 0.9964425 1.14535 
0.06212132 0.154489 0.2983427 0.3507586 0.4687181 0.5576515 0.6325547 0.7460964 0.8491037 1.005062 1.114798 1.324157 
0.06212132 0.1787751 0.2595086 0.3218395 0.5867529 0.6118471 0.7063495 0.7791359 0.8812782 1.097615 1.266543 1.349362 
0.06212132 0.1794445 0.4795688 0.6339113 0.6446183 0.7588644 0.930316 1.208663 1.529729 1.756435 1.397407 1.534117 
0.09994268 0.182079 0.2788405 0.3715603 0.4543645 0.5463592 0.6346528 0.7930076 0.9196452 1.078658 1.263611 1.387927 
0.09994268 0.182079 0.2788405 0.3715603 0.4543645 0.5463592 0.6346528 0.7930076 0.9196452 1.078658 1.263611 1.387927 
0.09994268 0.182079 0.2788405 0.3715603 0.4543645 0.5463592 0.6346528 0.7930076 0.9196452 1.078658 1.263611 1.387927 
0.09994268 0.182079 0.2788405 0.3715603 0.4543645 0.5463592 0.6346528 0.7930076 0.9196452 1.078658 1.263611 1.387927 
0.06212132 0.21773 0.2464159 0.3389599 0.4431075 0.4735709 0.5349669 0.8416454 1.102663 1.351858 1.969963 1.534117 
0.09994268 0.182079 0.2788405 0.3715603 0.4543645 0.5463592 0.6346528 0.7930076 0.9196452 1.078658 1.263611 1.387927 
0.09994268 0.182079 0.2788405 0.3715603 0.4543645 0.5463592 0.6346528 0.7930076 0.9196452 1.078658 1.263611 1.387927 
0.06212132 0.1787751 0.2595086 0.693518 0.6053716 0.7866265 0.7660523 0.9809142 1.009847 1.083494 1.172474 2.134452 
0.09994268 0.182079 0.2788405 0.3715603 0.4543645 0.5463592 0.6346528 0.7930076 0.9196452 1.078658 1.263611 1.387927 
0.09994268 0.182079 0.2788405 0.3715603 0.4543645 0.5463592 0.6346528 0.7930076 0.9196452 1.078658 1.263611 1.387927 
0.09237841 0.1814182 0.2749741 0.4359518 0.4845659 0.5944127 0.6609327 0.8305889 0.9376856 1.079625 1.245384 1.537232 
0.09086555 0.1812861 0.2742008 0.4488301 0.4906062 0.6040234 0.6661887 0.8381052 0.9412936 1.079819 1.241738 1.567093 
0.05123909 0.1646477 0.2668904 0.3454878 0.4435823 0.5686678 0.7777774 0.9182731 1.029285 1.251758 1.479479 1.534117 
0.05123909 0.1646477 0.2668904 0.3454878 0.4435823 0.5686678 0.7777774 0.9182731 1.029285 1.251758 1.479479 1.534117 
0.05123909 0.1646477 0.2668904 0.3454878 0.4435823 0.5686678 0.7777774 0.9182731 1.029285 1.251758 1.479479 1.534117 
0.05123909 0.1646477 0.2668904 0.3454878 0.4435823 0.5686678 0.7777774 0.9182731 1.029285 1.251758 1.479479 1.534117 
0.05123909 0.1646477 0.2668904 0.3454878 0.4435823 0.5686678 0.7777774 0.9182731 1.029285 1.251758 1.479479 1.534117 
0.05123909 0.1646477 0.2668904 0.3454878 0.4435823 0.5686678 0.7777774 0.9182731 1.029285 1.251758 1.479479 1.534117 
0.05123909 0.1646477 0.2668904 0.3454878 0.4435823 0.5686678 0.7777774 0.9182731 1.029285 1.251758 1.479479 1.534117 
0.05123909 0.1646477 0.2668904 0.3454878 0.4435823 0.5686678 0.7777774 0.9182731 1.029285 1.251758 1.479479 1.534117 
0.05123909 0.1646477 0.2668904 0.3454878 0.4435823 0.5686678 0.7777774 0.9182731 1.029285 1.251758 1.479479 1.534117 
0.05123909 0.1646477 0.2668904 0.3454878 0.4435823 0.5686678 0.7777774 0.9182731 1.029285 1.251758 1.479479 1.534117 
0.05123909 0.1646477 0.2668904 0.3454878 0.4435823 0.5686678 0.7777774 0.9182731 1.029285 1.251758 1.479479 1.534117 
0.05123909 0.1646477 0.2668904 0.3454878 0.4435823 0.5686678 0.7777774 0.9182731 1.029285 1.251758 1.479479 1.534117 
0.05123909 0.1646477 0.2668904 0.3454878 0.4435823 0.5686678 0.7777774 0.9182731 1.029285 1.251758 1.479479 1.534117 
0.05123909 0.1646477 0.2668904 0.3454878 0.4435823 0.5686678 0.7777774 0.9182731 1.029285 1.251758 1.479479 1.534117 
0.05123909 0.1646477 0.2668904 0.3454878 0.4435823 0.5686678 0.7777774 0.9182731 1.029285 1.251758 1.479479 1.534117 
0.05123909 0.1646477 0.2668904 0.3454878 0.4435823 0.5686678 0.7777774 0.9182731 1.029285 1.251758 1.479479 1.534117 
0.05123909 0.1646477 0.2668904 0.3454878 0.4435823 0.5686678 0.7777774 0.9182731 1.029285 1.251758 1.479479 1.534117 
0.05123909 0.1646477 0.2668904 0.3454878 0.4435823 0.5686678 0.7777774 0.9182731 1.029285 1.251758 1.479479 1.534117 
0.05123909 0.1646477 0.2668904 0.3454878 0.4435823 0.5686678 0.7777774 0.9182731 1.029285 1.251758 1.479479 1.534117 
0.05123909 0.1646477 0.2668904 0.3454878 0.4435823 0.5686678 0.7777774 0.9182731 1.029285 1.251758 1.479479 1.534117 
0.05123909 0.1646477 0.2668904 0.3454878 0.4435823 0.5686678 0.7777774 0.9182731 1.029285 1.251758 1.479479 1.534117 
0.05123909 0.1646477 0.2668904 0.3454878 0.4435823 0.5686678 0.7777774 0.9182731 1.029285 1.251758 1.479479 1.534117 
0.05123909 0.1646477 0.2668904 0.3454878 0.4435823 0.5686678 0.7777774 0.9182731 1.029285 1.251758 1.479479 1.534117 
0.05123909 0.1646477 0.2668904 0.3454878 0.4435823 0.5686678 0.7777774 0.9182731 1.029285 1.251758 1.479479 1.534117 
0.05123909 0.1646477 0.2668904 0.3454878 0.4435823 0.5686678 0.7777774 0.9182731 1.029285 1.251758 1.479479 1.534117 
0.05123909 0.1646477 0.2668904 0.3454878 0.4435823 0.5686678 0.7777774 0.9182731 1.029285 1.251758 1.479479 1.534117 
0.05123909 0.1646477 0.2668904 0.3454878 0.4435823 0.5686678 0.7777774 0.9182731 1.029285 1.251758 1.479479 1.534117 
0.05123909 0.1646477 0.2668904 0.3454878 0.4435823 0.5686678 0.7777774 0.9182731 1.029285 1.251758 1.479479 1.534117 
0.05123909 0.1646477 0.2668904 0.3454878 0.4435823 0.5686678 0.7777774 0.9182731 1.029285 1.251758 1.479479 1.534117 
0.05123909 0.1646477 0.2668904 0.3454878 0.4435823 0.5686678 0.7777774 0.9182731 1.029285 1.251758 1.479479 1.534117 
0.05123909 0.1646477 0.2668904 0.3454878 0.4435823 0.5686678 0.7777774 0.9182731 1.029285 1.251758 1.479479 1.534117 
0.05123909 0.1646477 0.2668904 0.3454878 0.4435823 0.5686678 0.7777774 0.9182731 1.029285 1.251758 1.479479 1.534117 
0.05123909 0.1646477 0.2668904 0.3454878 0.4435823 0.5686678 0.7777774 0.9182731 1.029285 1.251758 1.479479 1.534117 
0.05123909 0.1646477 0.2668904 0.3454878 0.4435823 0.5686678 0.7777774 0.9182731 1.029285 1.251758 1.479479 1.534117 
0.05123909 0.1646477 0.2668904 0.3454878 0.4435823 0.5686678 0.7777774 0.9182731 1.029285 1.251758 1.479479 1.534117 
0.05123909 0.1646477 0.2668904 0.3454878 0.4435823 0.5686678 0.7777774 0.9182731 1.029285 1.251758 1.479479 1.534117 
0.0424789 0.1345832 0.2527343 0.3218395 0.427621 0.56334 0.7091364 0.8612334 0.9951477 1.159295 1.397407 1.534117 
0.138285 0.1899974 0.2269567 0.2191255 0.2233016 0.56334 0.7091364 0.8612334 0.9951477 1.159295 1.397407 1.534117 
0.05123909 0.1646477 0.2668904 0.3454878 0.4435823 0.5686678 0.7777774 0.9182731 1.029285 1.251758 1.479479 1.534117 
0.1260765 0.1632907 0.3010369 0.3958422 0.4637876 0.56334 0.7091364 0.8612334 0.9951477 1.159295 1.397407 1.534117 
0.05123909 0.1646477 0.2668904 0.3454878 0.4435823 0.5686678 0.7777774 0.9182731 1.029285 1.251758 1.479479 1.534117 
0.05123909 0.1646477 0.2668904 0.3454878 0.4435823 0.5686678 0.7777774 0.9182731 1.029285 1.251758 1.479479 1.534117 
0.05123909 0.1646477 0.2668904 0.3454878 0.4435823 0.5686678 0.7777774 0.9182731 1.029285 1.251758 1.479479 1.534117 
0.02654195 0.1861498 0.2635313 0.4203471 0.4956126 0.5318227 0.7268747 0.8612334 0.9951477 1.159295 1.397407 1.534117 
0.041325 0.1468553 0.342796 0.634333 0.6323257 0.56334 0.7091364 0.8612334 0.9951477 1.159295 1.397407 1.534117 
0.02203066 0.1665058 0.332076 0.4561565 0.5821399 0.7772382 0.9958621 0.8612334 0.9951477 1.159295 1.397407 1.534117 
0.03934059 0.1671532 0.2617176 0.3002802 0.5114804 0.6357039 0.7643738 0.8612334 0.6746521 1.159295 1.397407 1.534117 
0.03492475 0.157142 0.2736127 0.2308947 0.4735364 0.56334 0.9548727 1.239868 1.691159 2.176387 2.300196 1.534117 
0.02774366 0.1466234 0.2002262 0.3018081 0.3636924 0.4977319 0.8298598 1.110037 0.9951477 1.159295 1.397407 1.534117 
0.03134597 0.1716072 0.2493305 0.2786145 0.4449224 0.6202207 0.738026 0.8612334 0.9951477 1.159295 1.397407 1.534117 
0.03353694 0.181217 0.2317765 0.2411244 0.2609857 0.3759278 0.7091364 0.8612334 0.9951477 1.159295 1.397407 1.534117 
0.03088163 0.2187366 0.3162658 0.3589108 0.43563 0.5551511 0.5616959 0.8373977 0.9043082 1.159295 1.397407 1.534117 
0.03088163 0.2187366 0.3162658 0.3589108 0.43563 0.5551511 0.5616959 0.8373977 0.9043082 1.159295 1.397407 1.534117 
0.1589332 0.1970147 0.2959701 0.3936459 0.481756 0.5546619 0.6378384 0.7976729 0.8366602 1.159295 1.397407 1.534117 
0.06505308 0.3075496 0.3671663 0.403774 0.4616655 0.5694109 0.76712 0.9336905 1.327981 1.493008 1.397407 1.534117 
0.1569649 0.2021229 0.2713424 0.3456273 0.4440297 0.5700673 0.7093423 0.8673106 1.075719 1.313342 1.578796 1.825753 
0.1569649 0.2021229 0.2713424 0.3456273 0.4440297 0.5700673 0.7093423 0.8673106 1.075719 1.313342 1.578796 1.825753 
0.1569649 0.2021229 0.2713424 0.3456273 0.4440297 0.5700673 0.7093423 0.8673106 1.075719 1.313342 1.578796 1.825753 
0.1569649 0.2021229 0.2713424 0.3456273 0.4440297 0.5700673 0.7093423 0.8673106 1.075719 1.313342 1.578796 1.825753 
0.1569649 0.2021229 0.2713424 0.3456273 0.4440297 0.5700673 0.7093423 0.8673106 1.075719 1.313342 1.578796 1.825753 
0.1569649 0.2021229 0.2713424 0.3456273 0.4440297 0.5700673 0.7093423 0.8673106 1.075719 1.313342 1.578796 1.825753 
0.1569649 0.2021229 0.2713424 0.3456273 0.4440297 0.5700673 0.7093423 0.8673106 1.075719 1.313342 1.578796 1.825753 
0.1569649 0.2021229 0.2713424 0.3456273 0.4440297 0.5700673 0.7093423 0.8673106 1.075719 1.313342 1.578796 1.825753 
0.1569649 0.2021229 0.2713424 0.3456273 0.4440297 0.5700673 0.7093423 0.8673106 1.075719 1.313342 1.578796 1.825753 
0.1569649 0.2021229 0.2713424 0.3456273 0.4440297 0.5700673 0.7093423 0.8673106 1.075719 1.313342 1.578796 1.825753 
0.2030919 0.2009822 0.2371281 0.2754207 0.3275101 0.3750594 0.5037833 0.8612334 0.9951477 1.159295 1.397407 1.534117 
0.1638569 0.1874818 0.2384203 0.2681818 0.3078269 0.3677967 0.4635753 0.7955722 0.9951477 1.159295 1.397407 1.534117 
0.1825628 0.2011661 0.2325852 0.2606243 0.2953161 0.3437894 0.4021003 0.4467673 0.9951477 1.159295 1.397407 1.534117 
0.1200638 0.1664255 0.2494177 0.2838452 0.329637 0.4176232 0.497039 0.6055891 0.9951477 1.159295 1.397407 1.534117 
0.1505348 0.1479664 0.2425581 0.2890085 0.3415929 0.4205233 0.4986646 0.5667258 0.9951477 1.159295 1.397407 1.534117 
0.1919913 0.2042753 0.2326363 0.2994191 0.3655892 0.4523599 0.5368949 0.6268484 0.6954171 1.159295 1.397407 1.534117 
0.1361433 0.2121146 0.2726873 0.3131973 0.4078675 0.4747013 0.5504372 0.6874024 0.9996096 1.159295 1.397407 1.534117 
0.1259414 0.1368658 0.2180562 0.3348158 0.4070682 0.4551333 0.4922724 0.563898 0.8239994 1.159295 1.397407 1.534117 
0.1822906 0.1973105 0.2206887 0.3397598 0.44409 0.4901572 0.5387604 0.801143 1.107982 1.159295 1.397407 1.534117 
0.2111558 0.2236172 0.2572982 0.3103899 0.4364148 0.5361887 0.5793075 0.6247533 0.9483304 1.159295 1.397407 1.534117 
0.1098262 0.2713287 0.3181273 0.3802178 0.4565203 0.5720521 0.6752881 0.7524131 0.7968016 1.484836 1.397407 1.534117 
0.1704744 0.1356418 0.2947525 0.4184593 0.4691518 0.5384668 0.6571212 0.7614801 0.8292949 0.9211298 0.9661431 1.211166 
0.1469132 0.1857306 0.2301513 0.2959775 0.470392 0.5446617 0.6045111 0.7123569 0.8440921 0.967783 1.334361 1.534117 
0.1619597 0.1771304 0.2464664 0.3196657 0.3886246 0.5331162 0.6837792 0.8202819 0.9249876 1.117027 1.827258 1.534117 
0.1953464 0.2264017 0.2873626 0.3466979 0.4535636 0.6142527 0.7832115 0.8835419 1.013909 1.177842 1.581076 1.534117 
0.1735936 0.1895778 0.2662159 0.3390769 0.4245378 0.5626784 0.7969063 1.012164 1.186804 1.425176 1.797483 1.534117 
0.1893029 0.1925645 0.2807511 0.3617778 0.5121545 0.7041861 0.9541339 1.182428 1.355904 1.445308 2.008467 1.534117 
0.1742484 0.1957367 0.2657103 0.3599498 0.5178513 0.6991787 0.88718 1.083549 1.286712 1.528823 1.786438 1.778663 
0.1509109 0.1650645 0.2507305 0.3426146 0.5389495 0.7938069 1.024765 1.218285 1.403722 1.583515 1.933449 2.526217 
0.1607783 0.1667084 0.2590835 0.3377261 0.4942268 0.7894252 1.03884 1.234885 1.396515 1.653717 1.840768 1.95196 
0.1875431 0.1985347 0.2615524 0.3568495 0.4861258 0.800854 1.057831 1.159366 1.310321 1.454356 1.655568 2.052048 
0.1827897 0.2019619 0.2659981 0.335745 0.4551464 0.6135966 0.8679887 1.119457 1.394582 1.568499 1.812766 1.929316 
0.1822036 0.2012994 0.2651834 0.3299343 0.4489459 0.6375906 0.8595344 1.09259 1.312006 1.499319 1.665383 2.07272 
0.1735988 0.1921572 0.2492843 0.3051026 0.4031291 0.5875839 0.7864184 1.025697 1.261034 1.503562 1.733677 1.860694 
0.1954196 0.203685 0.2592072 0.3111681 0.3962746 0.5201817 0.6852567 0.857342 1.065275 1.394546 1.517042 1.771539 
0.082582 0.234478 0.2801149 0.3182222 0.3960397 0.5063872 0.6423895 0.7514278 0.9196058 1.160149 1.323906 1.605558 
0.1143924 0.1855874 0.2887004 0.3494106 0.4129838 0.5122648 0.6184664 0.7598961 0.9379996 1.040574 1.312011 1.724854 
0.1243306 0.1871145 0.2304796 0.3325443 0.4313013 0.5125954 0.624507 0.7766413 0.9092883 1.055941 1.228111 1.541965 
0.03337352 0.2154472 0.2869859 0.3363636 0.4212746 0.5248796 0.620094 0.7263266 0.8799001 1.016186 1.16031 1.479209 
0.1377923 0.1392881 0.2729103 0.3464209 0.4181168 0.5391295 0.623629 0.7589351 0.8920185 1.00727 1.137679 1.398248 
0.09494105 0.1822053 0.2364179 0.3212679 0.4136182 0.5393345 0.6506042 0.796128 1.056248 1.374346 1.560477 1.778165 
0.1978765 0.2022304 0.2956427 0.3602342 0.4783161 0.6403294 0.8059928 1.024834 1.26082 1.450085 1.873952 1.980855 
0.2005579 0.2131461 0.2970146 0.348841 0.4911934 0.6500815 0.8267282 1.061953 0.9679411 1.835302 2.222267 2.795959 
0.2176232 0.2446284 0.3120416 0.3807236 0.4482379 0.5798685 0.713884 0.9259645 1.292328 1.750509 2.08191 2.512122 
0.1917349 0.2653017 0.4181467 0.5439669 0.6432128 0.7854738 0.9132176 1.002492 1.34541 1.592197 2.406573 2.971161 
0.2140241 0.2140062 0.2818678 0.4795617 0.6104215 0.7464198 0.8841498 0.9904708 1.048912 1.238705 1.129591 1.48281 
0.2357683 0.2579246 0.3164536 0.3766218 0.4833772 0.5841827 0.790988 0.8716476 1.132441 1.284122 1.543783 2.045138 
0.1818216 0.2255663 0.2946036 0.3683379 0.4435464 0.5488533 0.6760053 0.921708 1.095721 1.390573 1.741291 1.582858 
0.1053533 0.2408689 0.3039696 0.3757951 0.4928608 0.5935819 0.7710815 0.9223757 1.341552 1.62739 1.791614 2.548984 
0.01872559 0.2677763 0.3054758 0.3926003 0.4817444 0.5780667 0.6825505 0.7590327 0.8876401 1.338831 1.978292 2.906318 
0.06212132 0.2297413 0.3021617 0.4241827 0.5604646 0.686345 0.8131479 1.014132 1.203624 1.366459 1.407528 2.80147 
0.2309736 0.2716323 0.3178626 0.404861 0.5615503 0.6949776 0.8085453 0.9555027 1.114651 1.404356 1.484232 1.692851 
0.025 0.3550284 0.4370807 0.5599096 0.6899499 0.8058254 0.9254017 1.056996 1.231054 1.127778 1.414616 1.620497 
0.196 0.2749107 0.4041114 0.5110605 0.6127801 0.7362143 0.9345604 1.057217 1.244188 1.367907 1.539526 2.127844 
0.196 0.2951185 0.3314879 0.4021475 0.4931793 0.5515101 0.7005082 0.7009495 1.051336 1.176433 2.124869 2.127844 
0.09994268 0.182079 0.2788405 0.3715603 0.4543645 0.5463592 0.6346528 0.7930076 0.9196452 1.078658 1.263611 1.387927 
0.09994268 0.182079 0.2788405 0.3715603 0.4543645 0.5463592 0.6346528 0.7930076 0.9196452 1.078658 1.263611 1.387927 
0.09994268 0.182079 0.2788405 0.3715603 0.4543645 0.5463592 0.6346528 0.7930076 0.9196452 1.078658 1.263611 1.387927 
0.09994268 0.182079 0.2788405 0.3715603 0.4543645 0.5463592 0.6346528 0.7930076 0.9196452 1.078658 1.263611 1.387927 
0.09994268 0.182079 0.2788405 0.3715603 0.4543645 0.5463592 0.6346528 0.7930076 0.9196452 1.078658 1.263611 1.387927 
0.09994268 0.182079 0.2788405 0.3715603 0.4543645 0.5463592 0.6346528 0.7930076 0.9196452 1.078658 1.263611 1.387927 
0.09994268 0.182079 0.2788405 0.3715603 0.4543645 0.5463592 0.6346528 0.7930076 0.9196452 1.078658 1.263611 1.387927 
0.09994268 0.182079 0.2788405 0.3715603 0.4543645 0.5463592 0.6346528 0.7930076 0.9196452 1.078658 1.263611 1.387927 
0.09994268 0.182079 0.2788405 0.3715603 0.4543645 0.5463592 0.6346528 0.7930076 0.9196452 1.078658 1.263611 1.387927 
0.09994268 0.182079 0.2788405 0.3715603 0.4543645 0.5463592 0.6346528 0.7930076 0.9196452 1.078658 1.263611 1.387927 
0.09994268 0.182079 0.2788405 0.3715603 0.4543645 0.5463592 0.6346528 0.7930076 0.9196452 1.078658 1.263611 1.387927 
0.09994268 0.182079 0.2788405 0.3715603 0.4543645 0.5463592 0.6346528 0.7930076 0.9196452 1.078658 1.263611 1.387927 
0.09994268 0.182079 0.2788405 0.3715603 0.4543645 0.5463592 0.6346528 0.7930076 0.9196452 1.078658 1.263611 1.387927 
0.09994268 0.182079 0.2788405 0.3715603 0.4543645 0.5463592 0.6346528 0.7930076 0.9196452 1.078658 1.263611 1.387927 
0.09994268 0.182079 0.2788405 0.3715603 0.4543645 0.5463592 0.6346528 0.7930076 0.9196452 1.078658 1.263611 1.387927 
0.09994268 0.182079 0.2788405 0.3715603 0.4543645 0.5463592 0.6346528 0.7930076 0.9196452 1.078658 1.263611 1.387927 
0.09994268 0.182079 0.2788405 0.3715603 0.4543645 0.5463592 0.6346528 0.7930076 0.9196452 1.078658 1.263611 1.387927 
0.09994268 0.182079 0.2788405 0.3715603 0.4543645 0.5463592 0.6346528 0.7930076 0.9196452 1.078658 1.263611 1.387927 
0.09994268 0.182079 0.2788405 0.3715603 0.4543645 0.5463592 0.6346528 0.7930076 0.9196452 1.078658 1.263611 1.387927 
0.09994268 0.182079 0.2788405 0.3715603 0.4543645 0.5463592 0.6346528 0.7930076 0.9196452 1.078658 1.263611 1.387927 
0.09994268 0.182079 0.2788405 0.3715603 0.4543645 0.5463592 0.6346528 0.7930076 0.9196452 1.078658 1.263611 1.387927 
0.09994268 0.182079 0.2788405 0.3715603 0.4543645 0.5463592 0.6346528 0.7930076 0.9196452 1.078658 1.263611 1.387927 
0.09994268 0.182079 0.2788405 0.3715603 0.4543645 0.5463592 0.6346528 0.7930076 0.9196452 1.078658 1.263611 1.387927 
0.09994268 0.182079 0.2788405 0.3715603 0.4543645 0.5463592 0.6346528 0.7930076 0.9196452 1.078658 1.263611 1.387927 
0.09994268 0.182079 0.2788405 0.3715603 0.4543645 0.5463592 0.6346528 0.7930076 0.9196452 1.078658 1.263611 1.387927 
0.09994268 0.182079 0.2788405 0.3715603 0.4543645 0.5463592 0.6346528 0.7930076 0.9196452 1.078658 1.263611 1.387927 
0.09994268 0.182079 0.2788405 0.3715603 0.4543645 0.5463592 0.6346528 0.7930076 0.9196452 1.078658 1.263611 1.387927 
0.09994268 0.182079 0.2788405 0.3715603 0.4543645 0.5463592 0.6346528 0.7930076 0.9196452 1.078658 1.263611 1.387927 
0.09994268 0.182079 0.2788405 0.3715603 0.4543645 0.5463592 0.6346528 0.7930076 0.9196452 1.078658 1.263611 1.387927 
0.09994268 0.182079 0.2788405 0.3715603 0.4543645 0.5463592 0.6346528 0.7930076 0.9196452 1.078658 1.263611 1.387927 
0.09994268 0.182079 0.2788405 0.3715603 0.4543645 0.5463592 0.6346528 0.7930076 0.9196452 1.078658 1.263611 1.387927 
0.09273487 0.1159569 0.2557574 0.2837557 0.3450714 0.4557244 0.5412943 0.7667197 0.7473898 0.9855534 1.017047 1.227367 
0.168107 0.1542732 0.2048361 0.2678992 0.4066618 0.49404 0.5524016 0.7062061 0.8925434 1.159295 1.253547 1.106759 
0.1979971 0.19619 0.2288886 0.2877805 0.3716487 0.516257 0.6611735 0.7055497 0.833299 0.7927114 1.635673 1.436467 
0.186807 0.1951427 0.2454678 0.3083617 0.4015063 0.4787139 0.5697307 0.7136407 0.7707582 0.8361359 1.549615 1.179069 
0.1944596 0.2088189 0.2487416 0.27944 0.3628629 0.4715555 0.6003376 0.8185494 0.9121641 1.24266 0.9965643 1.44474 
0.06212132 0.2331852 0.2857881 0.3230713 0.3798526 0.4730543 0.5638053 0.6875966 0.8341199 0.8415965 1.056659 1.148588 
0.06212132 0.1787751 0.3719255 0.3982995 0.4649542 0.5392459 0.6420699 0.7831152 0.8665222 1.035691 1.117162 1.504877 
0.06212132 0.1787751 0.2595086 0.3924095 0.4340323 0.5086302 0.6020903 0.6712577 0.8891552 1.031735 1.146654 1.361558 
0.06212132 0.1787751 0.2595086 0.3218395 0.4459439 0.523247 0.5819972 0.6930168 0.7564589 0.8813735 0.9964425 1.14535 
0.06212132 0.154489 0.2983427 0.3507586 0.4687181 0.5576515 0.6325547 0.7460964 0.8491037 1.005062 1.114798 1.324157 
0.06212132 0.1787751 0.2595086 0.3218395 0.5867529 0.6118471 0.7063495 0.7791359 0.8812782 1.097615 1.266543 1.349362 
0.06212132 0.1794445 0.4795688 0.6339113 0.6446183 0.7588644 0.930316 1.208663 1.529729 1.756435 1.397407 1.534117 
0.09994268 0.182079 0.2788405 0.3715603 0.4543645 0.5463592 0.6346528 0.7930076 0.9196452 1.078658 1.263611 1.387927 
0.09994268 0.182079 0.2788405 0.3715603 0.4543645 0.5463592 0.6346528 0.7930076 0.9196452 1.078658 1.263611 1.387927 
0.09994268 0.182079 0.2788405 0.3715603 0.4543645 0.5463592 0.6346528 0.7930076 0.9196452 1.078658 1.263611 1.387927 
0.09994268 0.182079 0.2788405 0.3715603 0.4543645 0.5463592 0.6346528 0.7930076 0.9196452 1.078658 1.263611 1.387927 
0.06212132 0.21773 0.2464159 0.3389599 0.4431075 0.4735709 0.5349669 0.8416454 1.102663 1.351858 1.969963 1.534117 
0.09994268 0.182079 0.2788405 0.3715603 0.4543645 0.5463592 0.6346528 0.7930076 0.9196452 1.078658 1.263611 1.387927 
0.09994268 0.182079 0.2788405 0.3715603 0.4543645 0.5463592 0.6346528 0.7930076 0.9196452 1.078658 1.263611 1.387927 
0.06212132 0.1787751 0.2595086 0.693518 0.6053716 0.7866265 0.7660523 0.9809142 1.009847 1.083494 1.172474 2.134452 
0.09994268 0.182079 0.2788405 0.3715603 0.4543645 0.5463592 0.6346528 0.7930076 0.9196452 1.078658 1.263611 1.387927 
0.09994268 0.182079 0.2788405 0.3715603 0.4543645 0.5463592 0.6346528 0.7930076 0.9196452 1.078658 1.263611 1.387927 
0.09237841 0.1814182 0.2749741 0.4359518 0.4845659 0.5944127 0.6609327 0.8305889 0.9376856 1.079625 1.245384 1.537232 
0.09086555 0.1812861 0.2742008 0.4488301 0.4906062 0.6040234 0.6661887 0.8381052 0.9412936 1.079819 1.241738 1.567093 
0.04469504 0.1712392 0.3769613 0.6422546 0.9448642 1.265033 1.587172 1.899961 1.899961 1.899961 1.899961 1.899961 
0.04471969 0.17135 0.3772262 0.6427303 0.94559 1.266031 1.58845 1.901515 1.901515 1.901515 1.901515 1.901515 
0.02991285 0.129512 0.3063394 0.5478746 0.8348483 1.147831 1.470177 1.788968 1.788968 1.788968 1.788968 1.788968 
0.03740186 0.1473255 0.3296439 0.5678481 0.8420834 1.134237 1.429747 1.717879 1.717879 1.717879 1.717879 1.717879 
0.03774456 0.1467195 0.3257437 0.5581892 0.8246152 1.107517 1.392947 1.670696 1.670696 1.670696 1.670696 1.670696 
0.03352004 0.1360448 0.3098003 0.5400363 0.807756 1.095094 1.387399 1.673688 1.673688 1.673688 1.673688 1.673688 
0.04400249 0.1596138 0.3402601 0.5672828 0.8215528 1.086946 1.351198 1.605679 1.605679 1.605679 1.605679 1.605679 
0.0323503 0.1298356 0.2937227 0.5097415 0.7599934 1.027838 1.299732 1.565581 1.565581 1.565581 1.565581 1.565581 
0.03165603 0.1292838 0.2954855 0.5163599 0.7737287 1.050385 1.33216 1.608394 1.608394 1.608394 1.608394 1.608394 
0.03614423 0.138327 0.3043133 0.518254 0.7621986 1.020228 1.279791 1.531778 1.531778 1.531778 1.531778 1.531778 
0.03562095 0.1356765 0.2976482 0.5059461 0.7430791 0.9936074 1.245395 1.489659 1.489659 1.489659 1.489659 1.489659 
0.04074171 0.1475887 0.3143789 0.5238564 0.7583707 1.003063 1.246641 1.481166 1.481166 1.481166 1.481166 1.481166 
0.03904316 0.143841 0.3094465 0.5190984 0.755134 1.002448 1.24943 1.487836 1.487836 1.487836 1.487836 1.487836 
0.04160578 0.1383665 0.2802947 0.4514834 0.637731 0.8279733 1.014278 1.191369 1.191369 1.191369 1.191369 1.191369 
0.04418525 0.1562063 0.3280016 0.5412933 0.7781396 1.023772 1.267147 1.50062 1.50062 1.50062 1.50062 1.50062 
0.04034052 0.1493375 0.3221805 0.5414923 0.7888006 1.048236 1.307561 1.558063 1.558063 1.558063 1.558063 1.558063 
0.04170178 0.1514557 0.323104 0.5389448 0.7807909 1.033295 1.284771 1.526996 1.526996 1.526996 1.526996 1.526996 
0.03381045 0.1319162 0.2935177 0.5037093 0.7449269 1.001298 1.260144 1.512165 1.512165 1.512165 1.512165 1.512165 
0.03848356 0.1447618 0.3152595 0.5332353 0.7803542 1.040624 1.301579 1.554263 1.554263 1.554263 1.554263 1.554263 
0.04367918 0.1581319 0.3367144 0.5609367 0.8119062 1.073728 1.334325 1.585215 1.585215 1.585215 1.585215 1.585215 
0.04169115 0.1504464 0.3197406 0.5319757 0.7692713 1.016628 1.262677 1.499443 1.499443 1.499443 1.499443 1.499443 
0.03867936 0.142033 0.3049676 0.5109184 0.7425326 0.9850162 1.227021 1.460509 1.460509 1.460509 1.460509 1.460509 
0.03999584 0.1475967 0.3178373 0.5335269 0.7764952 1.031179 1.285601 1.531251 1.531251 1.531251 1.531251 1.531251 
0.03854004 0.147054 0.3229424 0.5493255 0.8071989 1.079759 1.35378 1.619685 1.619685 1.619685 1.619685 1.619685 
0.03616084 0.1469867 0.3350169 0.5843466 0.8744159 1.185859 1.502778 1.813246 1.813246 1.813246 1.813246 1.813246 
0.03846374 0.1456693 0.318499 0.5401623 0.7920297 1.057747 1.324509 1.583078 1.583078 1.583078 1.583078 1.583078 
0.03813168 0.144632 0.3165144 0.5371211 0.7879157 1.052601 1.318405 1.576104 1.576104 1.576104 1.576104 1.576104 
0.04460936 0.1517795 0.3116154 0.5064972 0.7201468 0.9396213 1.155493 1.361393 1.361393 1.361393 1.361393 1.361393 
0.04000444 0.1404458 0.2937053 0.4833595 0.6934688 0.9109955 1.126237 1.332506 1.332506 1.332506 1.332506 1.332506 
0.03726676 0.1455955 0.3242087 0.5566729 0.8235695 1.107326 1.393896 1.672965 1.672965 1.672965 1.672965 1.672965 
0.03475505 0.1450781 0.335871 0.5920466 0.8927328 1.217712 1.550087 1.876998 1.876998 1.876998 1.876998 1.876998 
0.03317173 0.1393157 0.3236879 0.5719532 0.8639472 1.18001 1.503642 1.822245 1.822245 1.822245 1.822245 1.822245 
0.03575438 0.1450509 0.3302257 0.5755436 0.8607598 1.166844 1.478194 1.783115 1.783115 1.783115 1.783115 1.783115 
0.03969002 0.1538561 0.3410343 0.5837509 0.861693 1.15662 1.454027 1.74331 1.74331 1.74331 1.74331 1.74331 
0.03762765 0.1485613 0.3328652 0.5739282 0.8516711 1.147732 1.44733 1.739548 1.739548 1.739548 1.739548 1.739548 
0.03698672 0.1499861 0.3413752 0.5948746 0.8895608 1.205774 1.527401 1.842368 1.842368 1.842368 1.842368 1.842368 
0.03750013 0.1524306 0.3474249 0.6059891 0.9068017 1.22978 1.558437 1.880403 1.880403 1.880403 1.880403 1.880403 
0.03767176 0.1493532 0.3354552 0.5793457 0.8607349 1.160992 1.465076 1.761855 1.761855 1.761855 1.761855 1.761855 
0.03573535 0.1461526 0.3343205 0.5845552 0.8762744 1.189967 1.50955 1.822916 1.822916 1.822916 1.822916 1.822916 
0.03763818 0.1495973 0.3365022 0.5817362 0.8649139 1.167269 1.473625 1.772735 1.772735 1.772735 1.772735 1.772735 
0.03871942 0.1497865 0.3316143 0.5671655 0.8367181 1.122598 1.410768 1.690981 1.690981 1.690981 1.690981 1.690981 
0.03092003 0.1428604 0.351061 0.6442518 1.000214 1.394743 1.806141 2.21699 2.21699 2.21699 2.21699 2.21699 
0.03240117 0.1447595 0.3487781 0.6315913 0.9711385 1.344354 1.731043 2.115274 2.115274 2.115274 2.115274 2.115274 
0.03240117 0.1447595 0.3487781 0.6315913 0.9711385 1.344354 1.731043 2.115274 2.115274 2.115274 2.115274 2.115274 
0.03240117 0.1447595 0.3487781 0.6315913 0.9711385 1.344354 1.731043 2.115274 2.115274 2.115274 2.115274 2.115274 
0.03240117 0.1447595 0.3487781 0.6315913 0.9711385 1.344354 1.731043 2.115274 2.115274 2.115274 2.115274 2.115274 
0.03240117 0.1447595 0.3487781 0.6315913 0.9711385 1.344354 1.731043 2.115274 2.115274 2.115274 2.115274 2.115274 
0.03240117 0.1447595 0.3487781 0.6315913 0.9711385 1.344354 1.731043 2.115274 2.115274 2.115274 2.115274 2.115274 
0.03240117 0.1447595 0.3487781 0.6315913 0.9711385 1.344354 1.731043 2.115274 2.115274 2.115274 2.115274 2.115274 
0.03240117 0.1447595 0.3487781 0.6315913 0.9711385 1.344354 1.731043 2.115274 2.115274 2.115274 2.115274 2.115274 
0.03240117 0.1447595 0.3487781 0.6315913 0.9711385 1.344354 1.731043 2.115274 2.115274 2.115274 2.115274 2.115274 
0.03240117 0.1447595 0.3487781 0.6315913 0.9711385 1.344354 1.731043 2.115274 2.115274 2.115274 2.115274 2.115274 
0.03240117 0.1447595 0.3487781 0.6315913 0.9711385 1.344354 1.731043 2.115274 2.115274 2.115274 2.115274 2.115274 
0.03240117 0.1447595 0.3487781 0.6315913 0.9711385 1.344354 1.731043 2.115274 2.115274 2.115274 2.115274 2.115274 
0.03240117 0.1447595 0.3487781 0.6315913 0.9711385 1.344354 1.731043 2.115274 2.115274 2.115274 2.115274 2.115274 
0.045 0.171 0.377 0.642 0.945 1.265 1.587 1.9 2.196 2.47 2.721 2.946 
0.045 0.171 0.377 0.643 0.946 1.266 1.588 1.902 2.198 2.472 2.723 2.949 
0.03 0.13 0.306 0.548 0.835 1.148 1.47 1.789 2.095 2.382 2.647 2.887 
0.037 0.147 0.33 0.568 0.842 1.134 1.43 1.718 1.991 2.246 2.478 2.688 
0.038 0.147 0.326 0.558 0.825 1.108 1.393 1.671 1.934 2.178 2.402 2.603 
0.034 0.136 0.31 0.54 0.808 1.095 1.387 1.674 1.946 2.201 2.434 2.645 
0.044 0.16 0.34 0.567 0.822 1.087 1.351 1.606 1.845 2.065 2.266 2.446 
0.032 0.13 0.294 0.51 0.76 1.028 1.3 1.566 1.818 2.054 2.27 2.465 
0.032 0.129 0.295 0.516 0.774 1.05 1.332 1.608 1.872 2.117 2.343 2.547 
0.036 0.138 0.304 0.518 0.762 1.02 1.28 1.532 1.77 1.991 2.193 2.375 
0.036 0.136 0.298 0.506 0.743 0.994 1.245 1.49 1.721 1.934 2.13 2.306 
0.041 0.148 0.314 0.524 0.758 1.003 1.247 1.481 1.702 1.905 2.089 2.255 
0.039 0.144 0.309 0.519 0.755 1.002 1.249 1.488 1.712 1.92 2.108 2.278 
0.042 0.138 0.28 0.451 0.638 0.828 1.014 1.191 1.356 1.507 1.643 1.764 
0.044 0.156 0.328 0.541 0.778 1.024 1.267 1.501 1.719 1.921 2.103 2.267 
0.04 0.149 0.322 0.541 0.789 1.048 1.308 1.558 1.794 2.012 2.211 2.389 
0.042 0.151 0.323 0.539 0.781 1.033 1.285 1.527 1.755 1.965 2.156 2.327 
0.034 0.132 0.294 0.504 0.745 1.001 1.26 1.512 1.751 1.973 2.176 2.359 
0.038 0.145 0.315 0.533 0.78 1.041 1.302 1.554 1.793 2.013 2.215 2.396 
0.044 0.158 0.337 0.561 0.812 1.074 1.334 1.585 1.821 2.038 2.236 2.413 
0.042 0.15 0.32 0.532 0.769 1.017 1.263 1.499 1.722 1.927 2.113 2.28 
0.039 0.142 0.305 0.511 0.743 0.985 1.227 1.461 1.68 1.883 2.068 2.234 
0.04 0.148 0.318 0.534 0.776 1.031 1.286 1.531 1.763 1.976 2.171 2.346 
0.039 0.147 0.323 0.549 0.807 1.08 1.354 1.62 1.871 2.104 2.317 2.508 
0.036 0.147 0.335 0.584 0.874 1.186 1.503 1.813 2.109 2.385 2.638 2.867 
0.038 0.146 0.318 0.54 0.792 1.058 1.325 1.583 1.827 2.053 2.26 2.446 
0.038 0.145 0.317 0.537 0.788 1.053 1.318 1.576 1.82 2.045 2.251 2.436 
0.045 0.152 0.312 0.506 0.72 0.94 1.155 1.361 1.553 1.729 1.889 2.031 
0.04 0.14 0.294 0.483 0.693 0.911 1.126 1.333 1.526 1.703 1.864 2.008 
0.037 0.146 0.324 0.557 0.824 1.107 1.394 1.673 1.938 2.183 2.408 2.611 
0.035 0.145 0.336 0.592 0.893 1.218 1.55 1.877 2.189 2.481 2.75 2.994 
0.033 0.139 0.324 0.572 0.864 1.18 1.504 1.822 2.127 2.412 2.674 2.912 
0.036 0.145 0.33 0.576 0.861 1.167 1.478 1.783 2.074 2.344 2.593 2.817 
0.04 0.154 0.341 0.584 0.862 1.157 1.454 1.743 2.017 2.272 2.504 2.714 
0.038 0.149 0.333 0.574 0.852 1.148 1.447 1.74 2.017 2.275 2.511 2.724 
0.037 0.15 0.341 0.595 0.89 1.206 1.527 1.842 2.142 2.422 2.678 2.911 
0.038 0.152 0.347 0.606 0.907 1.23 1.558 1.88 2.187 2.473 2.735 2.973 
0.038 0.149 0.335 0.579 0.861 1.161 1.465 1.762 2.044 2.306 2.546 2.763 
0.036 0.146 0.334 0.585 0.876 1.19 1.51 1.823 2.122 2.4 2.656 2.888 
0.038 0.15 0.337 0.582 0.865 1.167 1.474 1.773 2.057 2.321 2.563 2.782 
0.039 0.15 0.332 0.567 0.837 1.123 1.411 1.691 1.956 2.203 2.428 2.631 
0.031 0.143 0.351 0.644 1 1.395 1.806 2.217 2.614 2.99 3.337 3.655 
0.032 0.145 0.349 0.632 0.971 1.344 1.731 2.115 2.485 2.834 3.156 3.449 
0.032 0.145 0.349 0.632 0.971 1.344 1.731 2.115 2.485 2.834 3.156 3.449 
0.032 0.145 0.349 0.632 0.971 1.344 1.731 2.115 2.485 2.834 3.156 3.449 
0.0328 0.1396 0.3278 0.5842 0.8892 1.2228 1.5676 1.9102 2.405 2.739 3.0466 3.3266 
0.0366 0.1433 0.3204 0.5526 0.8212 1.109 1.4017 1.689 2.405 2.739 3.0466 3.3266 
0.0295 0.1318 0.3182 0.578 0.8921 1.2397 1.6025 1.9656 2.405 2.739 3.0466 3.3266 
0.0307 0.1359 0.3264 0.591 0.9097 1.2617 1.6284 1.9949 2.405 2.739 3.0466 3.3266 
0.0299 0.1335 0.3224 0.5857 0.9039 1.256 1.6235 1.9912 2.405 2.739 3.0466 3.3266 
0.0288 0.1308 0.319 0.5835 0.9051 1.2625 1.6367 2.0122 2.405 2.739 3.0466 3.3266 
0.0311 0.1336 0.3153 0.564 0.8607 1.186 1.5229 1.8581 2.405 2.739 3.0466 3.3266 
0.0314 0.134 0.3151 0.5624 0.8567 1.1788 1.512 1.8432 2.405 2.739 3.0466 3.3266 
0.03429559 0.1372606 0.310734 0.5403961 0.8079192 1.095996 1.390305 1.67997 2.405 2.739 3.0466 3.3266 
0.03856855 0.1488307 0.3297602 0.5651948 0.8360998 1.12516 1.418395 1.705398 2.405 2.739 3.0466 3.3266 
0.1570976 0.2230949 0.3286991 0.4290298 0.6133768 0.7405042 0.8348471 0.9347027 1.049392 1.145142 1.30798 1.543105 
0.1570976 0.2230949 0.3286991 0.4290298 0.6133768 0.7405042 0.8348471 0.9347027 1.049392 1.145142 1.30798 1.543105 
0.1570976 0.2230949 0.3286991 0.4290298 0.6133768 0.7405042 0.8348471 0.9347027 1.049392 1.145142 1.30798 1.543105 
0.1570976 0.2230949 0.3286991 0.4290298 0.6133768 0.7405042 0.8348471 0.9347027 1.049392 1.145142 1.30798 1.543105 
0.1570976 0.2230949 0.3286991 0.4290298 0.6133768 0.7405042 0.8348471 0.9347027 1.049392 1.145142 1.30798 1.543105 
0.1570976 0.2230949 0.3286991 0.4290298 0.6133768 0.7405042 0.8348471 0.9347027 1.049392 1.145142 1.30798 1.543105 
0.1570976 0.2230949 0.3286991 0.4290298 0.6133768 0.7405042 0.8348471 0.9347027 1.049392 1.145142 1.30798 1.543105 
0.1570976 0.2230949 0.3286991 0.4290298 0.6133768 0.7405042 0.8348471 0.9347027 1.049392 1.145142 1.30798 1.543105 
0.1570976 0.2230949 0.3286991 0.4290298 0.6133768 0.7405042 0.8348471 0.9347027 1.049392 1.145142 1.30798 1.543105 
0.1570976 0.2230949 0.3286991 0.4290298 0.6133768 0.7405042 0.8348471 0.9347027 1.049392 1.145142 1.30798 1.543105 
0.1570976 0.2230949 0.3286991 0.4290298 0.6133768 0.7405042 0.8348471 0.9347027 1.049392 1.145142 1.30798 1.543105 
0.1570976 0.2230949 0.3286991 0.4290298 0.6133768 0.7405042 0.8348471 0.9347027 1.049392 1.145142 1.30798 1.543105 
0.1570976 0.2230949 0.3286991 0.4290298 0.6133768 0.7405042 0.8348471 0.9347027 1.049392 1.145142 1.30798 1.543105 
0.1570976 0.2230949 0.3286991 0.4290298 0.6133768 0.7405042 0.8348471 0.9347027 1.049392 1.145142 1.30798 1.543105 
0.1570976 0.2230949 0.3286991 0.4290298 0.6133768 0.7405042 0.8348471 0.9347027 1.049392 1.145142 1.30798 1.543105 
0.1570976 0.2230949 0.3286991 0.4290298 0.6133768 0.7405042 0.8348471 0.9347027 1.049392 1.145142 1.30798 1.543105 
0.1570976 0.2230949 0.3286991 0.4290298 0.6133768 0.7405042 0.8348471 0.9347027 1.049392 1.145142 1.30798 1.543105 
0.1570976 0.2230949 0.3286991 0.4290298 0.6133768 0.7405042 0.8348471 0.9347027 1.049392 1.145142 1.30798 1.543105 
0.1570976 0.2230949 0.3286991 0.4290298 0.6133768 0.7405042 0.8348471 0.9347027 1.049392 1.145142 1.30798 1.543105 
0.1570976 0.2230949 0.3286991 0.4290298 0.6133768 0.7405042 0.8348471 0.9347027 1.049392 1.145142 1.30798 1.543105 
0.1570976 0.2230949 0.3286991 0.4290298 0.6133768 0.7405042 0.8348471 0.9347027 1.049392 1.145142 1.30798 1.543105 
0.1570976 0.2230949 0.3286991 0.4290298 0.6133768 0.7405042 0.8348471 0.9347027 1.049392 1.145142 1.30798 1.543105 
0.1570976 0.2230949 0.3286991 0.4290298 0.6133768 0.7405042 0.8348471 0.9347027 1.049392 1.145142 1.30798 1.543105 
0.1570976 0.2230949 0.3286991 0.4290298 0.6133768 0.7405042 0.8348471 0.9347027 1.049392 1.145142 1.30798 1.543105 
0.1570976 0.2230949 0.3286991 0.4290298 0.6133768 0.7405042 0.8348471 0.9347027 1.049392 1.145142 1.30798 1.543105 
0.1570976 0.2230949 0.3286991 0.4290298 0.6133768 0.7405042 0.8348471 0.9347027 1.049392 1.145142 1.30798 1.543105 
0.1570976 0.2230949 0.3286991 0.4290298 0.6133768 0.7405042 0.8348471 0.9347027 1.049392 1.145142 1.30798 1.543105 
0.1570976 0.2230949 0.3286991 0.4290298 0.6133768 0.7405042 0.8348471 0.9347027 1.049392 1.145142 1.30798 1.543105 
0.1570976 0.2230949 0.3286991 0.4290298 0.6133768 0.7405042 0.8348471 0.9347027 1.049392 1.145142 1.30798 1.543105 
0.1570976 0.2230949 0.3286991 0.4290298 0.6133768 0.7405042 0.8348471 0.9347027 1.049392 1.145142 1.30798 1.543105 
0.1570976 0.2230949 0.3286991 0.4290298 0.6133768 0.7405042 0.8348471 0.9347027 1.049392 1.145142 1.30798 1.543105 
0.1570976 0.2230949 0.3286991 0.4290298 0.6133768 0.7405042 0.8348471 0.9347027 1.049392 1.145142 1.30798 1.543105 
0.1570976 0.2230949 0.3286991 0.4290298 0.6133768 0.7405042 0.8348471 0.9347027 1.049392 1.145142 1.30798 1.543105 
0.1570976 0.2230949 0.3286991 0.4290298 0.6133768 0.7405042 0.8348471 0.9347027 1.049392 1.145142 1.30798 1.543105 
0.1570976 0.2230949 0.3286991 0.4290298 0.6133768 0.7405042 0.8348471 0.9347027 1.049392 1.145142 1.30798 1.543105 
0.1570976 0.2230949 0.3286991 0.4290298 0.6133768 0.7405042 0.8348471 0.9347027 1.049392 1.145142 1.30798 1.543105 
0.1570976 0.2230949 0.3286991 0.4290298 0.6133768 0.7405042 0.8348471 0.9347027 1.049392 1.145142 1.30798 1.543105 
0.1570976 0.2230949 0.3286991 0.4290298 0.6133768 0.7405042 0.8348471 0.9347027 1.049392 1.145142 1.30798 1.543105 
0.1570976 0.2230949 0.3286991 0.4290298 0.6133768 0.7405042 0.8348471 0.9347027 1.049392 1.145142 1.30798 1.543105 
0.1570976 0.2230949 0.3286991 0.4290298 0.6133768 0.7405042 0.8348471 0.9347027 1.049392 1.145142 1.30798 1.543105 
0.1570976 0.2230949 0.3286991 0.4290298 0.6133768 0.7405042 0.8348471 0.9347027 1.049392 1.145142 1.30798 1.543105 
0.1570976 0.2230949 0.3286991 0.4290298 0.6133768 0.7405042 0.8348471 0.9347027 1.049392 1.145142 1.30798 1.543105 
0.1570976 0.2230949 0.3286991 0.4290298 0.6133768 0.7405042 0.8348471 0.9347027 1.049392 1.145142 1.30798 1.543105 
0.1570976 0.2230949 0.3286991 0.4290298 0.6133768 0.7405042 0.8348471 0.9347027 1.049392 1.145142 1.30798 1.543105 
0.1570976 0.2230949 0.3286991 0.4290298 0.6133768 0.7405042 0.8348471 0.9347027 1.049392 1.145142 1.30798 1.543105 
0.2277163 0.2479763 0.2949346 0.4341676 0.6548281 0.8175691 0.9325919 1.097617 1.214485 1.325849 1.270054 1.822918 
0.3107392 0.3827896 0.3991144 0.4283434 0.4813015 0.6104505 0.837006 0.8826694 0.985119 1.093841 1.535457 1.264915 
0.05911567 0.191747 0.4696284 0.5485503 0.6590853 0.7032152 0.7388591 0.9223704 0.9621061 1.093707 1.359284 1.543105 
0.0663342 0.1463582 0.3051961 0.387927 0.5070352 0.6064834 0.648915 0.6343477 0.7784029 0.8678509 1.051457 1.679907 
0.1267247 0.1357683 0.2442465 0.5099079 0.789683 0.9268152 1.04037 1.042165 1.128137 1.263351 1.249168 1.404681 
0.1519559 0.2339302 0.2590749 0.2652827 0.5883277 0.7784921 0.81134 1.029047 1.228105 1.226253 1.382457 1.543105 
0.1028666 0.2043553 0.2513063 0.276745 0.2787436 0.3434552 0.5437368 0.6695599 0.6171546 0.9661307 1.031824 0.979 
0.1536478 0.1412025 0.2178014 0.2511207 0.2781832 0.5439168 0.7848716 0.9331864 1.089578 1.252001 1.362305 1.490308 
0.1512424 0.1872914 0.2114235 0.2241685 0.3101721 0.3969692 0.5125629 0.6531007 0.7576115 0.8209228 0.9115391 1.162715 
0.196 0.2190432 0.2671958 0.469282 0.7120413 0.8210945 1.096849 1.131 1.367 0.8209228 0.9115391 1.162715 
#Pspwn 
10.5 
#Pageerr 
1 0 0 0 0 0 0 0 0 0 0 0 
0 0.7625 0.244 0.0217 5e-04 0 0 0 0 0 0 0 
0 0.2215 0.5117 0.229 0.0243 7e-04 0 0 0 0 0 0 
0 0.0159 0.2253 0.4991 0.232 0.0274 0.001 0 0 0 0 0 
0 2e-04 0.0185 0.2287 0.487 0.234 0.0306 0.0013 0 0 0 0 
0 0 3e-04 0.0213 0.2316 0.4755 0.236 0.0338 0.0016 0 0 0 
0 0 0 4e-04 0.0243 0.2341 0.4644 0.238 0.0372 0.002 0 0 
0 0 0 0 5e-04 0.0274 0.2362 0.4538 0.2394 0.0405 0.0025 1e-04 
0 0 0 0 0 7e-04 0.0306 0.238 0.4436 0.2405 0.0439 0.0031 
0 0 0 0 0 0 0.001 0.0338 0.2394 0.4339 0.2413 0.0473 
0 0 0 0 0 0 0 0.0013 0.0372 0.2405 0.4245 0.2418 
0 0 0 0 0 0 0 0 0.0016 0.0426 0.2877 0.7078 
#fleet_names 
ind ind ind ind ind ind ind fsh fsh fsh fsh 
Chile_AcousCS Chile_AcousN Chile_CPUE DEPM Peru_Acoustic Peru_CPUE Offshore_CPUE N_Chile SC_Chile_PS FarNorth Offshore_Trawl 
1 2 3 4 5 6 7 1 2 3 4 
