# Number of parameters = 1596 Objective function value = 1407.14879146448  Maximum gradient component = 0.217771384432971
# Mest[1]:
0.230000000000
# log_Linf[1]:
4.30945594184
# log_k[1]:
-1.83258146375
# log_Lo[1]:
2.89037175790
# log_sdage[1]:
-2.40794560865
# mean_log_rec[1]:
9.60308592101
# steepness[1]:
0.650000000000
# log_Rzero[1]:
9.24646703840
# rec_dev:
 -0.444911417375 -0.518499262837 -0.598468504799 -0.685637733776 -0.777629649432 -0.870624462971 -0.839749748703 -0.845650727645 -0.694967008336 -0.637346320685 -0.553364464351 -0.386823808914 -0.420861993718 -0.372031445030 -0.324845211159 -0.123250677187 0.216771044436 0.389176543503 0.356177748252 0.394943697583 0.398125104082 0.439458617267 0.636243273571 0.787409578594 0.591703423506 1.07718900060 1.26670751100 0.671108064506 0.605707223949 0.781375160394 0.640694376973 0.724306954340 0.357153278164 0.388006086651 0.0395027833753 -0.0249762369338 0.244979401173 0.350366300959 0.652600208722 0.600896333041 0.767491009556 0.798930838351 0.386739934867 0.00381343642236 -0.569597352070 -0.546743832948 -0.799390549121 -0.772754969800 -1.15320593725 -1.25936604517 -0.663709959463 -0.429041166866 -1.04438589219 -0.514722237434 -0.772090418079 -0.492360729002 -0.555532891672 -0.0557017073631 0.830504868337 -0.00799775718510 0.308944399690
# log_sigmar[1]:
-0.510825623766
# fmort:
 0.0105797183892 0.0155727806653 0.00707736390514 0.00897945615327 0.0173850456476 0.0215089219889 0.0261964139641 0.0227509281374 0.0448290510247 0.0375532457815 0.0257509704467 0.0379147810730 0.0730854819089 0.0282414542806 0.0658126401954 0.0443102468329 0.00437038432777 0.0207100633952 0.0175173066220 0.0157959042464 0.0142686052390 0.0172963058500 0.0175814053647 0.0205482708788 0.0141179400324 0.0194218906013 0.0352863947178 0.0144364128929 0.00416435494210 0.00655216223052 0.00993117546220 0.0197344358181 0.00840057164874 0.0117149926896 0.0128087710368 0.0203282492106 0.0251065248467 0.0347252186137 0.0477754589533 0.0486940544262 0.0684346084729 0.0109702940290 0.00418925368775 0.00514701554057 0.00562899853130 0.00675632667178 0.00521983372629 0.00735135573127 0.00219449900638 0.00186283746629
 0.00134085441290 0.00205823651986 0.00314613828704 0.00522266694046 0.00376520069192 0.00682403411721 0.00886195616404 0.0130246095693 0.0211772835087 0.0263541488240 0.0240875800352 0.0483457178771 0.0669916494665 0.0543931778763 0.0724244202593 0.101947675303 0.114051264046 0.153043587599 0.210683414544 0.221281644996 0.225379069462 0.292339104981 0.395748819700 0.379134990100 0.479856436772 0.592029188939 0.541895345445 0.569153201554 0.352932921021 0.237124342017 0.177733930072 0.204909764488 0.198666809294 0.181824409656 0.178161999185 0.179145840558 0.191678104032 0.233579535116 0.200165403353 0.260384123894 0.142840653298 0.101154734325 0.0958053685091 0.0732320827666 0.0642902615282 0.0651034429860 0.0710078280207 0.0666199578416 0.0737540808922 0.0655980121609
 0.000203513622378 0.000378949151327 0.000839463760712 0.00179714896398 0.00541169622157 0.00157330838368 0.00187035218954 0.0161986548771 0.0106427694672 0.00858230950707 0.0105054865155 0.0105355509223 0.00340179604258 0.00252425638538 0.00345560341622 0.00189289062733 0.000735956732834 0.000674162289609 0.00378146238838 0.00490671279437 0.00584425228588 0.00349966341979 0.00189565570477 0.00285308515803 0.00535493409436 0.0182903054275 0.0206792367059 0.0285916234555 0.0162655336305 0.00648597199807 0.00813715712683 0.0219189434723 0.00397842990769 0.00719155625714 0.00698973043189 0.00374287339070 0.0157761193936 0.0184138019489 0.0142716681246 0.00787434749988 0.00260589757158 0.0270640976474 0.0118658508978 0.00511049455635 0.00449294979181 0.00157603199104 0.000956840613070 0.000466887277910 0.00178198152659 0.00280788145208
 1.91791027504e-13 2.03448369263e-13 0.000519844912540 2.16493489802e-13 2.21211937657e-13 2.21489493413e-13 3.30022313616e-06 0.000224989027087 0.00471449052619 0.0292878088841 0.0261903689450 0.0333242167995 0.0753043654985 0.0883262459896 0.116412304115 0.0938902451447 0.0889173508518 0.0920617441329 0.0946284556825 0.0805095802028 0.0681185905265 0.0431987825752 0.00369466360495 2.17603712827e-13 2.37310171514e-13 2.83939538548e-13 3.47222250952e-13 4.96824803520e-13 6.03683769640e-13 3.05707179099e-06 0.000612561099039 0.00443882926417 0.0136918490936 0.0262353251808 0.0457251285866 0.0381465090992 0.0570517340624 0.0864585499782 0.107736418124 0.141653442025 0.126739853806 0.0323246207749 0.0211258646064 0.0209071478642 0.0221783337852 0.0280196821406 0.0167251045490 0.0124543522186 0.00857718375980 0.00787313577711
# log_selcoffs_fsh[1]:
 -4.85103209976 -3.69636560338 -2.44271078328 -1.20473232447 -0.261602091324 0.522326031365 1.09109245045 0.880337748198 -0.306976603864
 -4.53340419179 -3.28502698828 -1.96660114454 -0.804168020476 -0.151909563111 0.470664912327 0.954017508448 0.792800301963 0.0940425744615
 -4.19978800480 -2.92158743061 -1.69779504377 -0.690130431637 0.00177419059180 0.544858161723 0.829852408994 0.660567617423 0.255839324606
 -3.82187169997 -2.43078732548 -1.28008920061 -0.508976096202 -0.0631745801559 0.394648126294 0.769429983037 0.683478747467 0.370935163510
 -3.62942691231 -2.15955199351 -0.740837565424 0.0261075507076 0.211970763458 0.323913556481 0.485231794338 0.491663642168 0.389810449479
 -3.47343676119 -2.12642818796 -0.834796445152 0.107505339457 0.511954779690 0.472745596264 0.353409659381 0.286913470657 0.241456028897
 -3.29281687100 -2.06186226916 -1.00761434000 -0.129359370976 0.583563435771 0.718858413700 0.405970064612 0.161106213880 0.0693546010591
 -3.09142526794 -1.83166828751 -0.916390253813 -0.153488704122 0.559070155670 0.780831672910 0.423482369687 0.108461016268 -0.0381367532318
 -2.92522578838 -1.62410799015 -0.490030067607 0.0761104260671 0.422662762729 0.620995153724 0.481864583613 0.129785687125 -0.0909132014393
 -2.75213980051 -1.30611996964 -0.129679816901 0.213199725275 0.435372306994 0.540108818408 0.342164161544 0.0296979081384 -0.163148848954
 -2.59100897968 -0.943750136909 0.528473657131 0.476023703164 0.285349347683 0.204662724524 0.0366970013560 -0.149595580667 -0.256034461200
 -2.42602702342 -0.676962219329 0.481514208772 0.530167544571 0.433293286546 0.181212179662 -0.116322906466 -0.288340633447 -0.349526570224
 -2.34884883454 -0.610626652000 0.540800949120 0.713753621094 0.400403026610 0.0405205612724 -0.258164405669 -0.415760986728 -0.451923170912
 -2.30958449171 -0.712290750692 0.542130550706 0.882900588425 0.378181826866 -0.0658344864329 -0.363570242473 -0.507874366587 -0.545192463343
 -2.48281344810 -0.885390996921 0.631195800529 0.934037203131 0.357311607149 -0.111068193205 -0.413016433673 -0.576324813615 -0.632335337291
 -2.46280865615 -0.904135165695 0.668022379949 0.838893333189 0.432439933445 -0.0331028329690 -0.392821764249 -0.592256774074 -0.675203748823
 -2.26169995460 -0.689486947364 0.755148148350 0.764281188509 0.356411631956 -0.0436592360307 -0.380182725964 -0.594809974651 -0.697683343648
 -1.90565364256 -0.382363877353 0.540154570519 0.800136106970 0.430202851942 -0.0344408014436 -0.382141251359 -0.599298861412 -0.710086618129
 -1.75820050059 -0.337143980059 0.828461655452 0.745885425883 0.223679546949 -0.163065424315 -0.457627859265 -0.658164565382 -0.765827809628
 -1.51730545519 -0.205536904727 0.804923241031 0.728712493464 0.255966641973 -0.188214458850 -0.507891822831 -0.710232655703 -0.811675740953
 -1.44916910150 -0.102426900366 0.876391900582 0.732214583065 0.183818115070 -0.271817332705 -0.597694996609 -0.792638238790 -0.881466355163
 -1.41599091181 -0.179564365098 0.673276033130 0.969609208335 0.298639191707 -0.358520075793 -0.720995694768 -0.895240096123 -0.960747526574
 -1.35701273440 0.0549204847123 0.914936079528 0.801689921434 0.138730290337 -0.451179131182 -0.815428894972 -0.980794511128 -1.02990545136
 -1.45035259483 -0.159697032803 0.871934398632 1.02852606563 0.0729269051219 -0.557371715119 -0.910641871154 -1.06923090423 -1.10643840940
 -1.51156194752 -0.148182893423 0.907160144365 0.990811520508 0.113991249567 -0.541596929989 -0.928835921142 -1.10734429066 -1.14427276572
 -1.47171827023 0.185683190650 0.743644357554 0.865579705723 0.240899157097 -0.349180084872 -0.833063067959 -1.06524699064 -1.11036045571
 -1.58179330720 -0.194474036702 0.612484936798 0.962198590305 0.359770978546 -0.182485066521 -0.686616591272 -0.957680442870 -1.03446952989
 -1.47842612826 -0.00180616818281 0.414673302067 0.819029019032 0.460853729120 -0.0447347120637 -0.519319808990 -0.802417032811 -0.899461582971
 -1.17097998615 0.218234644413 0.555172821402 0.608235419294 0.285730548786 -0.0888335263147 -0.436144407691 -0.668232318048 -0.772710531539
 -1.11554191308 0.0438237991660 0.414438304504 0.807351068069 0.247693353376 -0.156189877664 -0.410331207961 -0.578462264549 -0.670744819024
 -0.911742984580 0.548506841590 0.569698716277 0.253618467115 0.0132654104910 -0.157933199302 -0.317890315661 -0.455096474299 -0.541687904264
 -0.864024984818 0.678216117446 0.253668712981 0.177385268513 0.0363828297206 -0.0888074672760 -0.214255590993 -0.337584700504 -0.426738506972
 -1.05076239089 -0.343855450891 0.0983761377173 0.573615584766 0.403480991119 0.117476554945 -0.0783612643567 -0.223678059598 -0.332173021261
 -1.28359184318 -0.593266507740 -0.0404852105998 0.422791002054 0.379305238806 0.331718360173 0.124915680253 -0.0891534194767 -0.246522982735
 -1.00984410355 -0.270119244176 0.0261142005533 0.497375549834 0.356853796404 0.148270379902 -0.0197749158065 -0.162297880143 -0.245495048254
 0.303618812894 0.412907992526 -0.331761619524 -0.141389426053 0.0150475962073 -0.00806444449041 -0.0938192305536 -0.179331755921 -0.229630274112
# log_selcoffs_fsh[2]:
 -6.50122930863 -5.04166365185 -3.57463733795 -1.94588607840 -0.557663323847 0.344189412705 0.998058701869 1.13075969399 0.495622876391 -0.953943995407
 -6.41410541057 -4.95789643272 -3.45643038243 -2.02671005664 -0.849849453399 0.206204277314 0.983515458995 1.17166483655 0.513107296475 -0.511049889463
 -6.29549639679 -4.88564707855 -3.47693405913 -2.12519320154 -0.996778865831 0.0687478581876 0.937457371474 1.15147333424 0.600975697666 -0.151021111696
 -6.14441580961 -4.75073739768 -3.43272194623 -2.20199006204 -1.14585022290 -0.159859346611 0.789952189249 1.14904618364 0.749323822215 0.184043584323
 -5.99488355966 -4.53651653119 -3.21200250964 -2.15394724531 -1.28707755641 -0.392023254913 0.606699659009 1.09321772852 0.879880691007 0.500710294657
 -5.84964995968 -4.49001424723 -3.15098738023 -1.90849291789 -1.07733625061 -0.486769333881 0.287351173473 0.906485935564 1.00327931851 0.834631299303
 -5.71174246097 -4.44842112668 -3.22529367919 -2.07735940711 -1.07677230464 -0.324962358250 0.216630088759 0.688634852081 0.972134679900 1.05788793127
 -5.59983599609 -4.38339808338 -3.24690481497 -2.21392961226 -1.25307189659 -0.460348393785 0.209371604030 0.633714289676 0.940772297917 1.17542020393
 -5.52601596551 -4.29095019298 -3.13777281556 -2.18917098044 -1.39408175948 -0.622511177283 0.139948097766 0.693146854501 0.954561144541 1.19226584494
 -5.43475646856 -4.14869169510 -2.95203535995 -1.95932649551 -1.21173753113 -0.619185929518 -0.0586369829818 0.582869216050 0.980790584502 1.26689702228
 -5.35737469350 -3.96221009408 -2.62283878399 -1.53792135196 -0.871652698235 -0.431615668698 -0.0182635598419 0.405781581265 0.880353540821 1.31560211855
 -5.34038765517 -3.81044899828 -2.36928447885 -1.17330415405 -0.611264133710 -0.252124159599 0.00331410867718 0.369110926072 0.878534538385 1.22178151429
 -5.35265442167 -3.65068272759 -2.02108577954 -0.733107971854 -0.246883458729 0.0390056966880 0.163613587665 0.335747515557 0.714994669557 1.06967664588
 -5.38016051673 -3.48637372427 -1.67621715023 -0.478667491212 0.110847316360 0.240715485910 0.233966906726 0.326686791576 0.572082197845 0.853046924687
 -5.38230125016 -3.30715008922 -1.36223008732 -0.0909787557902 0.347333928439 0.311755816794 0.166896739891 0.222814960297 0.466635558662 0.684461784337
 -5.34914681796 -3.12618965192 -1.04897370746 0.0736589817432 0.330492124910 0.285067148843 0.171560838505 0.214320075601 0.419800242989 0.618040577998
 -5.33168793165 -3.07124561958 -0.932761138231 0.0733845893418 0.349125914502 0.323490886852 0.190186350553 0.194629593131 0.378919509185 0.584658475453
 -5.32088900509 -3.23992931799 -1.26057139074 0.0645541025707 0.475828568517 0.422746024643 0.215469895496 0.166497083172 0.323887594520 0.510532985661
 -5.28356966911 -3.36143643408 -1.53528089579 -0.175594636289 0.539996104931 0.505616020665 0.253165424355 0.173262441064 0.319552239271 0.517658820943
 -5.21388083046 -3.40509881377 -1.67036191978 -0.342298403967 0.329260536947 0.457104170017 0.290352676435 0.243031764916 0.428154887519 0.666379975107
 -5.17557495015 -3.49070507409 -1.89438045859 -0.572285535089 0.208100576782 0.466936076779 0.358868317592 0.277615583054 0.465066860100 0.731876366950
 -5.17137746015 -3.57247243978 -2.07622216661 -0.872397395666 0.00937722367760 0.492757517368 0.470320301706 0.362133437875 0.503611556623 0.734796067672
 -5.18365676690 -3.63663974535 -2.23268634472 -1.08040839957 -0.228257214231 0.476501677024 0.522849125314 0.446607111258 0.564600403137 0.744995845471
 -5.24643838574 -3.68424274797 -2.24657013538 -1.08853068295 -0.352246745560 0.235664685958 0.571216504535 0.545720856309 0.652563326382 0.761534478779
 -5.31390213159 -3.71093829601 -2.14775617431 -0.815788986530 -0.202114036725 0.0635795549630 0.352930345358 0.572280279817 0.699229733277 0.842085405903
 -5.41230142753 -3.75672453566 -2.23287864940 -0.913880652757 -0.158235865172 0.282218678255 0.370848105161 0.474087461533 0.652754003948 0.836356672570
 -5.60804763939 -3.91959898804 -2.24735029753 -0.844040768222 -0.0469205794556 0.435950081885 0.504896582335 0.466046129615 0.545259809555 0.675333493066
 -5.77816607055 -4.08946140614 -2.30035961651 -0.574574050161 0.133404082159 0.498483742414 0.486493712136 0.400347997212 0.527191273063 0.539378664439
 -5.91476478170 -4.26444649912 -2.56869156043 -0.894732574867 0.0617200535033 0.745942547779 0.615817856816 0.395986848156 0.486556595052 0.309006651985
 -6.02705966481 -4.34843210589 -2.70593262322 -1.07522818281 0.257596837991 0.865776128614 0.770489516217 0.404527548563 0.189507041460 0.0371933694327
 -6.07253395129 -4.30611093856 -2.53640923962 -0.911261623313 0.221310605833 0.834784294552 0.773644702753 0.418171181686 0.177757939567 0.0673269043565
 -6.06796613979 -4.18649745654 -2.31213227288 -0.686190274330 0.126065535514 0.470155294602 0.708324491136 0.578150409953 0.392223759455 0.301401383310
 -6.05023583264 -4.06740666283 -2.01964414674 -0.434006680354 0.0122651457440 0.0964192956569 0.437990776599 0.684213876641 0.630151999668 0.516797392440
 -6.06271455260 -4.08862274181 -2.15699041483 -0.571932778577 0.0638640501585 0.375710870609 0.455665470794 0.573146309675 0.575173858905 0.500974393258
 -6.06191734253 -4.10752755622 -2.16025714192 -0.675653865330 0.00607208067702 0.338474925051 0.577885883142 0.566648981572 0.536626808506 0.526714394021
 -6.04929455576 -4.18916343046 -2.37793493290 -0.761164688458 0.0668496671828 0.454484415509 0.569494179953 0.589594717407 0.475275365248 0.469399976114
 -6.04342690803 -4.18285197988 -2.40169339994 -0.879581179161 0.0589926674088 0.495166340774 0.620614363006 0.587665304026 0.469938163986 0.415787990866
# log_selcoffs_fsh[3]:
 -0.917576272804 -0.101157928043 1.17355685539 0.428038653884 -0.681615181987 -1.41751078262 -1.70987128709
 -1.15700800437 -0.123289754413 1.19851526900 0.439786247124 -0.675207408009 -1.41194779123 -1.70770374180
 -0.590194433982 -0.165320991090 1.10876285345 0.453294843918 -0.611453197533 -1.34549059629 -1.65501138710
 -1.48274099940 -0.286915606670 1.23947108733 0.439581481852 -0.600435789280 -1.30787131579 -1.62151614097
 -1.87891014731 -0.204926067446 1.18037115937 0.493532985521 -0.472670648268 -1.19879271425 -1.54193450186
 -1.96775415305 -0.498884340050 0.974438224909 0.798800311548 -0.226287065092 -1.06112795215 -1.44004710831
 -1.68375935213 -0.426746256184 0.759270524299 0.931194234568 -0.135672879011 -1.00797283543 -1.38887876376
 -1.32156794742 0.565660260777 0.828997075799 0.335430477913 -0.372059954968 -1.05847641312 -1.39912011427
 -1.39026805752 0.637731273439 0.895324561302 0.220155740591 -0.484646952752 -1.12718012949 -1.49367041131
 -1.59003519075 0.313393903987 0.996713470343 0.478482791993 -0.482920311882 -1.22906899624 -1.63224487216
 -1.85171218058 -0.381371613726 0.900296478572 0.900643060491 -0.257124952610 -1.22944939328 -1.75524376653
 -1.81401041050 -0.341217540981 0.825191340928 0.935488135465 -0.177663047559 -1.22606200721 -1.80392321703
 -1.65991448636 -0.106183874749 1.01741014106 0.708678633064 -0.379604525845 -1.31835280421 -1.82293891571
 -1.42189034575 0.587142292735 0.995561988151 0.277648306657 -0.645476461683 -1.40590663421 -1.80741465448
 -1.47186326088 0.226241090831 1.17991091025 0.325994274347 -0.743905103456 -1.46652530828 -1.76519876758
 -1.47895784206 0.259489959930 1.25028173493 0.176134701357 -0.919814835392 -1.54543280372 -1.71413946244
 -1.27423431260 0.579857406234 1.11892958885 0.0777700475612 -0.977931708927 -1.51497281426 -1.62852137185
 -1.18879646342 0.632781078179 1.08736726102 0.00769944426337 -0.936493474219 -1.44057301656 -1.56256640728
 -0.699796700280 1.08135468692 0.645532989168 -0.210376339236 -0.960414319471 -1.40981265649 -1.55857308257
 -0.535565927209 1.19912106921 0.510810536229 -0.406081569839 -1.08582117618 -1.47691715920 -1.61646372375
 -0.324503660349 1.16284444878 0.572319387716 -0.470748351000 -1.20941696707 -1.59385887309 -1.71660953425
 -0.393100342814 1.14087578773 0.677978975761 -0.501945770067 -1.31695735561 -1.69388984171 -1.78061737023
 -0.216124067958 0.857648794115 0.981469304854 -0.532511277257 -1.42672657287 -1.76054715666 -1.77663463840
 -0.149533183447 1.07576056385 0.719458505618 -0.530326720269 -1.41633371958 -1.79944724006 -1.85188187998
 -0.337321797641 0.571721119164 1.09529734916 -0.0956277330382 -1.20221342827 -1.76467541416 -1.93542240827
 -0.0846196150990 0.704144355548 0.637322078838 0.293570845784 -0.727670003657 -1.56796997944 -2.00318781519
 -0.881264263305 0.760460005953 0.862398826777 0.164115256434 -0.620588921155 -1.44178183234 -2.07815462941
 -1.39532989705 0.268218186689 1.14996664583 0.371306845051 -0.680094168825 -1.53286859270 -2.16791806165
 -1.54198285788 0.0216091088271 1.24720555000 0.424795839832 -0.754497914840 -1.70965867925 -2.27162552915
 -1.48000316263 0.232433955454 0.822343128436 0.886617093628 -0.612102605377 -1.77477048353 -2.34099187585
 -1.42076805894 1.04376081373 0.752928918547 0.134448661692 -0.904603834537 -1.85439762938 -2.40539373119
 -1.64015563195 0.581475648031 1.21094515055 0.0767624071273 -1.03060092639 -1.95006907623 -2.50254468092
 -1.88095210914 -0.0929014771946 1.39301513761 0.289862860224 -1.01421500115 -2.01609152371 -2.56146975961
 -1.78153244873 -0.0439522845020 1.09092639475 0.813115223485 -0.837224847604 -2.01633198355 -2.56895398388
 -1.60617469106 0.115984487539 1.34051765330 0.268002659667 -1.06959658512 -2.05724682110 -2.56338072102
 -1.16539790911 1.10519995630 0.844448439338 -0.169987124920 -1.21992368568 -2.08195673283 -2.55021536719
 -1.07007948560 1.02193577788 0.959944476816 -0.226240001567 -1.31374655976 -2.10385660607 -2.54368805034
 -0.830448185893 1.04556160212 0.879187456251 -0.195696061302 -1.25597313120 -2.08548439284 -2.53955506427
 -0.887792984687 0.972536952254 0.897403826375 -0.0342486195231 -1.14878397040 -2.05076717781 -2.54368376382
 -1.12628435356 0.388744162190 1.21553984907 0.239037134077 -1.05362676645 -2.03193746118 -2.54154125244
# log_selcoffs_fsh[4]:
 -5.96624190049 -4.81196372921 -3.63289468987 -2.39507287296 -1.11174195737 0.0868555788659 0.944942955151 1.12142423979 0.593373456498
 -5.95372497516 -4.79217127421 -3.60006835071 -2.31100622826 -0.979026238298 0.181558380729 0.952925488229 1.05789123908 0.595693689864
 -5.91855501773 -4.75306481636 -3.56541279076 -2.31054335489 -1.00165347162 0.162286866515 0.937392867486 1.06380630029 0.624348690580
 -5.85289748577 -4.67518391396 -3.49570134652 -2.28883137186 -1.04117822505 0.0954127119562 0.894883622836 1.07926797864 0.699807696497
 -5.78235617581 -4.57775925113 -3.38475196059 -2.20971703660 -1.00836929524 0.100617044295 0.859683266129 1.05339527091 0.762007952324
 -5.71002495351 -4.51845480584 -3.31554574560 -2.11475569203 -0.993534841041 0.0348591912109 0.813589305019 1.06775270316 0.814585517149
 -5.62042030371 -4.44165345974 -3.24784523256 -2.03107733897 -0.916669538431 0.0537825391483 0.785463504746 1.02858074897 0.862437675495
 -5.50726799035 -4.31923504131 -3.16343114810 -1.99180780901 -0.886609158377 0.0310023750342 0.740286372907 1.02576851845 0.906075134023
 -5.39172594826 -4.15955073880 -3.03124853878 -1.98740531578 -0.959773368089 -0.00885422490451 0.727423428747 1.01862401755 0.948269309330
 -5.27907220100 -4.05429275701 -2.87437744285 -1.79666446592 -0.875296066650 -0.0345761794635 0.642705552427 0.994801283980 1.01765283871
 -5.19029292850 -3.96538869537 -2.79015538146 -1.70020021232 -0.729147557025 0.0473771246023 0.615708622570 0.929801236398 1.03517542694
 -5.12990531845 -3.86548710678 -2.68296902623 -1.62695992084 -0.665338197502 0.137230790245 0.638823257445 0.890200870858 0.999595492503
 -5.08182366515 -3.72954303740 -2.47531044495 -1.45989077457 -0.634096533469 0.120096073811 0.669388964089 0.888823024714 0.959373356814
 -5.02584119362 -3.54952352446 -2.11005929741 -1.05230143588 -0.388158709514 0.126778988467 0.549878331125 0.833526789474 0.973199356121
 -4.95109322324 -3.39486720064 -1.85949759970 -0.715305722784 -0.141644707268 0.160588946691 0.434724123898 0.745071521952 0.963679863033
 -4.85719911531 -3.25274809756 -1.63351190025 -0.454823875513 -0.0618374851996 0.124829382477 0.367801693225 0.686004508523 0.963344321828
 -4.79127035536 -3.21660282574 -1.63674013717 -0.456692805214 -0.0493850150501 0.175071298970 0.391976649737 0.664961178210 0.938504078208
 -4.74014041114 -3.29879082121 -1.96955263782 -0.947136052344 -0.231295378783 0.350338000590 0.602989413624 0.696256918458 0.867146629320
 -4.65406050172 -3.32603637240 -2.11652508317 -1.17007017855 -0.432307170569 0.209547726672 0.613567473638 0.823745174943 0.922507071386
 -4.60146860297 -3.33879942789 -2.20373332759 -1.29519331972 -0.616270164369 0.0170077169621 0.615314395048 0.941222557791 0.955430275713
 -4.53700893254 -3.27947171318 -2.14027931357 -1.32284302923 -0.698435931118 -0.142526293450 0.465918775772 1.00082931468 1.06094700606
 -4.44549229448 -3.17780899328 -1.87036565561 -1.16215295242 -0.703831061349 -0.161243393013 0.363229945902 0.847392436842 1.21266105838
 -4.35009178289 -3.23323134063 -2.15314247828 -1.27857964919 -0.670195344787 -0.0957680556851 0.357307054610 0.804151136704 1.24373842949
 -4.21279182568 -3.15166834454 -2.18629296017 -1.35447308313 -0.694218049831 -0.147794713025 0.301563798758 0.777501527504 1.30343586123
 -4.16697060165 -3.09818394509 -2.04489180445 -1.15648698714 -0.524715812913 0.0542982131872 0.463351984860 0.802472255643 1.10771113246
 -3.97941942117 -2.84344522211 -1.65889993468 -0.918997454069 -0.561680969997 -0.0844259132420 0.428526240595 0.830891753296 1.10332246417
 -3.70960456749 -2.64613877380 -1.58105553814 -0.846004633856 -0.441743534715 -0.101783550779 0.346123229355 0.816489975210 1.11430311118
 -3.31506783860 -2.32834900925 -1.40977164443 -0.734063300788 -0.384899903702 -0.115839373640 0.150381937885 0.662555999781 1.24383728292
 -2.82402470081 -1.92507382722 -1.22803663752 -0.721491001470 -0.468695569390 -0.304686643230 0.0518704866165 0.605465834318 1.32637366581
 -3.01307827242 -2.18720001465 -1.16122518897 -0.521463636385 -0.382266610647 -0.312650308174 -0.0246363542858 0.635230404521 1.29607848721
 -3.03105346573 -2.13097470955 -1.23142067600 -0.628137973573 -0.402116333107 -0.271768509690 0.0630522823500 0.681962820966 1.26236802720
# log_sel_spl_fsh[1]:
 0.00000000000 0.00000000000 0.00000000000 0.00000000000
 0.00000000000 0.00000000000 0.00000000000 0.00000000000
 0.00000000000 0.00000000000 0.00000000000 0.00000000000
 0.00000000000 0.00000000000 0.00000000000 0.00000000000
 0.00000000000 0.00000000000 0.00000000000 0.00000000000
 0.00000000000 0.00000000000 0.00000000000 0.00000000000
 0.00000000000 0.00000000000 0.00000000000 0.00000000000
 0.00000000000 0.00000000000 0.00000000000 0.00000000000
 0.00000000000 0.00000000000 0.00000000000 0.00000000000
 0.00000000000 0.00000000000 0.00000000000 0.00000000000
 0.00000000000 0.00000000000 0.00000000000 0.00000000000
 0.00000000000 0.00000000000 0.00000000000 0.00000000000
 0.00000000000 0.00000000000 0.00000000000 0.00000000000
 0.00000000000 0.00000000000 0.00000000000 0.00000000000
 0.00000000000 0.00000000000 0.00000000000 0.00000000000
 0.00000000000 0.00000000000 0.00000000000 0.00000000000
 0.00000000000 0.00000000000 0.00000000000 0.00000000000
 0.00000000000 0.00000000000 0.00000000000 0.00000000000
 0.00000000000 0.00000000000 0.00000000000 0.00000000000
 0.00000000000 0.00000000000 0.00000000000 0.00000000000
 0.00000000000 0.00000000000 0.00000000000 0.00000000000
 0.00000000000 0.00000000000 0.00000000000 0.00000000000
 0.00000000000 0.00000000000 0.00000000000 0.00000000000
 0.00000000000 0.00000000000 0.00000000000 0.00000000000
 0.00000000000 0.00000000000 0.00000000000 0.00000000000
 0.00000000000 0.00000000000 0.00000000000 0.00000000000
 0.00000000000 0.00000000000 0.00000000000 0.00000000000
 0.00000000000 0.00000000000 0.00000000000 0.00000000000
 0.00000000000 0.00000000000 0.00000000000 0.00000000000
 0.00000000000 0.00000000000 0.00000000000 0.00000000000
 0.00000000000 0.00000000000 0.00000000000 0.00000000000
 0.00000000000 0.00000000000 0.00000000000 0.00000000000
 0.00000000000 0.00000000000 0.00000000000 0.00000000000
 0.00000000000 0.00000000000 0.00000000000 0.00000000000
 0.00000000000 0.00000000000 0.00000000000 0.00000000000
 0.00000000000 0.00000000000 0.00000000000 0.00000000000
# log_sel_spl_fsh[2]:
 0.00000000000 0.00000000000 0.00000000000 0.00000000000
 0.00000000000 0.00000000000 0.00000000000 0.00000000000
 0.00000000000 0.00000000000 0.00000000000 0.00000000000
 0.00000000000 0.00000000000 0.00000000000 0.00000000000
 0.00000000000 0.00000000000 0.00000000000 0.00000000000
 0.00000000000 0.00000000000 0.00000000000 0.00000000000
 0.00000000000 0.00000000000 0.00000000000 0.00000000000
 0.00000000000 0.00000000000 0.00000000000 0.00000000000
 0.00000000000 0.00000000000 0.00000000000 0.00000000000
 0.00000000000 0.00000000000 0.00000000000 0.00000000000
 0.00000000000 0.00000000000 0.00000000000 0.00000000000
 0.00000000000 0.00000000000 0.00000000000 0.00000000000
 0.00000000000 0.00000000000 0.00000000000 0.00000000000
 0.00000000000 0.00000000000 0.00000000000 0.00000000000
 0.00000000000 0.00000000000 0.00000000000 0.00000000000
 0.00000000000 0.00000000000 0.00000000000 0.00000000000
 0.00000000000 0.00000000000 0.00000000000 0.00000000000
 0.00000000000 0.00000000000 0.00000000000 0.00000000000
 0.00000000000 0.00000000000 0.00000000000 0.00000000000
 0.00000000000 0.00000000000 0.00000000000 0.00000000000
 0.00000000000 0.00000000000 0.00000000000 0.00000000000
 0.00000000000 0.00000000000 0.00000000000 0.00000000000
 0.00000000000 0.00000000000 0.00000000000 0.00000000000
 0.00000000000 0.00000000000 0.00000000000 0.00000000000
 0.00000000000 0.00000000000 0.00000000000 0.00000000000
 0.00000000000 0.00000000000 0.00000000000 0.00000000000
 0.00000000000 0.00000000000 0.00000000000 0.00000000000
 0.00000000000 0.00000000000 0.00000000000 0.00000000000
 0.00000000000 0.00000000000 0.00000000000 0.00000000000
 0.00000000000 0.00000000000 0.00000000000 0.00000000000
 0.00000000000 0.00000000000 0.00000000000 0.00000000000
 0.00000000000 0.00000000000 0.00000000000 0.00000000000
 0.00000000000 0.00000000000 0.00000000000 0.00000000000
 0.00000000000 0.00000000000 0.00000000000 0.00000000000
 0.00000000000 0.00000000000 0.00000000000 0.00000000000
 0.00000000000 0.00000000000 0.00000000000 0.00000000000
 0.00000000000 0.00000000000 0.00000000000 0.00000000000
# log_sel_spl_fsh[3]:
 0.00000000000 0.00000000000 0.00000000000 0.00000000000
 0.00000000000 0.00000000000 0.00000000000 0.00000000000
 0.00000000000 0.00000000000 0.00000000000 0.00000000000
 0.00000000000 0.00000000000 0.00000000000 0.00000000000
 0.00000000000 0.00000000000 0.00000000000 0.00000000000
 0.00000000000 0.00000000000 0.00000000000 0.00000000000
 0.00000000000 0.00000000000 0.00000000000 0.00000000000
 0.00000000000 0.00000000000 0.00000000000 0.00000000000
 0.00000000000 0.00000000000 0.00000000000 0.00000000000
 0.00000000000 0.00000000000 0.00000000000 0.00000000000
 0.00000000000 0.00000000000 0.00000000000 0.00000000000
 0.00000000000 0.00000000000 0.00000000000 0.00000000000
 0.00000000000 0.00000000000 0.00000000000 0.00000000000
 0.00000000000 0.00000000000 0.00000000000 0.00000000000
 0.00000000000 0.00000000000 0.00000000000 0.00000000000
 0.00000000000 0.00000000000 0.00000000000 0.00000000000
 0.00000000000 0.00000000000 0.00000000000 0.00000000000
 0.00000000000 0.00000000000 0.00000000000 0.00000000000
 0.00000000000 0.00000000000 0.00000000000 0.00000000000
 0.00000000000 0.00000000000 0.00000000000 0.00000000000
 0.00000000000 0.00000000000 0.00000000000 0.00000000000
 0.00000000000 0.00000000000 0.00000000000 0.00000000000
 0.00000000000 0.00000000000 0.00000000000 0.00000000000
 0.00000000000 0.00000000000 0.00000000000 0.00000000000
 0.00000000000 0.00000000000 0.00000000000 0.00000000000
 0.00000000000 0.00000000000 0.00000000000 0.00000000000
 0.00000000000 0.00000000000 0.00000000000 0.00000000000
 0.00000000000 0.00000000000 0.00000000000 0.00000000000
 0.00000000000 0.00000000000 0.00000000000 0.00000000000
 0.00000000000 0.00000000000 0.00000000000 0.00000000000
 0.00000000000 0.00000000000 0.00000000000 0.00000000000
 0.00000000000 0.00000000000 0.00000000000 0.00000000000
 0.00000000000 0.00000000000 0.00000000000 0.00000000000
 0.00000000000 0.00000000000 0.00000000000 0.00000000000
 0.00000000000 0.00000000000 0.00000000000 0.00000000000
 0.00000000000 0.00000000000 0.00000000000 0.00000000000
 0.00000000000 0.00000000000 0.00000000000 0.00000000000
 0.00000000000 0.00000000000 0.00000000000 0.00000000000
 0.00000000000 0.00000000000 0.00000000000 0.00000000000
 0.00000000000 0.00000000000 0.00000000000 0.00000000000
# log_sel_spl_fsh[4]:
 0.00000000000 0.00000000000 0.00000000000 0.00000000000
 0.00000000000 0.00000000000 0.00000000000 0.00000000000
 0.00000000000 0.00000000000 0.00000000000 0.00000000000
 0.00000000000 0.00000000000 0.00000000000 0.00000000000
 0.00000000000 0.00000000000 0.00000000000 0.00000000000
 0.00000000000 0.00000000000 0.00000000000 0.00000000000
 0.00000000000 0.00000000000 0.00000000000 0.00000000000
 0.00000000000 0.00000000000 0.00000000000 0.00000000000
 0.00000000000 0.00000000000 0.00000000000 0.00000000000
 0.00000000000 0.00000000000 0.00000000000 0.00000000000
 0.00000000000 0.00000000000 0.00000000000 0.00000000000
 0.00000000000 0.00000000000 0.00000000000 0.00000000000
 0.00000000000 0.00000000000 0.00000000000 0.00000000000
 0.00000000000 0.00000000000 0.00000000000 0.00000000000
 0.00000000000 0.00000000000 0.00000000000 0.00000000000
 0.00000000000 0.00000000000 0.00000000000 0.00000000000
 0.00000000000 0.00000000000 0.00000000000 0.00000000000
 0.00000000000 0.00000000000 0.00000000000 0.00000000000
 0.00000000000 0.00000000000 0.00000000000 0.00000000000
 0.00000000000 0.00000000000 0.00000000000 0.00000000000
 0.00000000000 0.00000000000 0.00000000000 0.00000000000
 0.00000000000 0.00000000000 0.00000000000 0.00000000000
 0.00000000000 0.00000000000 0.00000000000 0.00000000000
 0.00000000000 0.00000000000 0.00000000000 0.00000000000
 0.00000000000 0.00000000000 0.00000000000 0.00000000000
 0.00000000000 0.00000000000 0.00000000000 0.00000000000
 0.00000000000 0.00000000000 0.00000000000 0.00000000000
 0.00000000000 0.00000000000 0.00000000000 0.00000000000
 0.00000000000 0.00000000000 0.00000000000 0.00000000000
 0.00000000000 0.00000000000 0.00000000000 0.00000000000
 0.00000000000 0.00000000000 0.00000000000 0.00000000000
# logsel_slope_fsh[1]:
 0.00000000000 0.00000000000 0.00000000000 0.00000000000 0.00000000000 0.00000000000 0.00000000000 0.00000000000 0.00000000000 0.00000000000 0.00000000000 0.00000000000 0.00000000000 0.00000000000 0.00000000000 0.00000000000 0.00000000000 0.00000000000 0.00000000000 0.00000000000 0.00000000000 0.00000000000 0.00000000000 0.00000000000 0.00000000000 0.00000000000 0.00000000000 0.00000000000 0.00000000000 0.00000000000 0.00000000000 0.00000000000 0.00000000000 0.00000000000 0.00000000000 0.00000000000
# logsel_slope_fsh[2]:
 0.00000000000 0.00000000000 0.00000000000 0.00000000000 0.00000000000 0.00000000000 0.00000000000 0.00000000000 0.00000000000 0.00000000000 0.00000000000 0.00000000000 0.00000000000 0.00000000000 0.00000000000 0.00000000000 0.00000000000 0.00000000000 0.00000000000 0.00000000000 0.00000000000 0.00000000000 0.00000000000 0.00000000000 0.00000000000 0.00000000000 0.00000000000 0.00000000000 0.00000000000 0.00000000000 0.00000000000 0.00000000000 0.00000000000 0.00000000000 0.00000000000 0.00000000000 0.00000000000
# logsel_slope_fsh[3]:
 0.00000000000 0.00000000000 0.00000000000 0.00000000000 0.00000000000 0.00000000000 0.00000000000 0.00000000000 0.00000000000 0.00000000000 0.00000000000 0.00000000000 0.00000000000 0.00000000000 0.00000000000 0.00000000000 0.00000000000 0.00000000000 0.00000000000 0.00000000000 0.00000000000 0.00000000000 0.00000000000 0.00000000000 0.00000000000 0.00000000000 0.00000000000 0.00000000000 0.00000000000 0.00000000000 0.00000000000 0.00000000000 0.00000000000 0.00000000000 0.00000000000 0.00000000000 0.00000000000 0.00000000000 0.00000000000 0.00000000000
# logsel_slope_fsh[4]:
 0.00000000000 0.00000000000 0.00000000000 0.00000000000 0.00000000000 0.00000000000 0.00000000000 0.00000000000 0.00000000000 0.00000000000 0.00000000000 0.00000000000 0.00000000000 0.00000000000 0.00000000000 0.00000000000 0.00000000000 0.00000000000 0.00000000000 0.00000000000 0.00000000000 0.00000000000 0.00000000000 0.00000000000 0.00000000000 0.00000000000 0.00000000000 0.00000000000 0.00000000000 0.00000000000 0.00000000000
# sel50_fsh[1]:
 0.00000000000 0.00000000000 0.00000000000 0.00000000000 0.00000000000 0.00000000000 0.00000000000 0.00000000000 0.00000000000 0.00000000000 0.00000000000 0.00000000000 0.00000000000 0.00000000000 0.00000000000 0.00000000000 0.00000000000 0.00000000000 0.00000000000 0.00000000000 0.00000000000 0.00000000000 0.00000000000 0.00000000000 0.00000000000 0.00000000000 0.00000000000 0.00000000000 0.00000000000 0.00000000000 0.00000000000 0.00000000000 0.00000000000 0.00000000000 0.00000000000 0.00000000000
# sel50_fsh[2]:
 0.00000000000 0.00000000000 0.00000000000 0.00000000000 0.00000000000 0.00000000000 0.00000000000 0.00000000000 0.00000000000 0.00000000000 0.00000000000 0.00000000000 0.00000000000 0.00000000000 0.00000000000 0.00000000000 0.00000000000 0.00000000000 0.00000000000 0.00000000000 0.00000000000 0.00000000000 0.00000000000 0.00000000000 0.00000000000 0.00000000000 0.00000000000 0.00000000000 0.00000000000 0.00000000000 0.00000000000 0.00000000000 0.00000000000 0.00000000000 0.00000000000 0.00000000000 0.00000000000
# sel50_fsh[3]:
 0.00000000000 0.00000000000 0.00000000000 0.00000000000 0.00000000000 0.00000000000 0.00000000000 0.00000000000 0.00000000000 0.00000000000 0.00000000000 0.00000000000 0.00000000000 0.00000000000 0.00000000000 0.00000000000 0.00000000000 0.00000000000 0.00000000000 0.00000000000 0.00000000000 0.00000000000 0.00000000000 0.00000000000 0.00000000000 0.00000000000 0.00000000000 0.00000000000 0.00000000000 0.00000000000 0.00000000000 0.00000000000 0.00000000000 0.00000000000 0.00000000000 0.00000000000 0.00000000000 0.00000000000 0.00000000000 0.00000000000
# sel50_fsh[4]:
 0.00000000000 0.00000000000 0.00000000000 0.00000000000 0.00000000000 0.00000000000 0.00000000000 0.00000000000 0.00000000000 0.00000000000 0.00000000000 0.00000000000 0.00000000000 0.00000000000 0.00000000000 0.00000000000 0.00000000000 0.00000000000 0.00000000000 0.00000000000 0.00000000000 0.00000000000 0.00000000000 0.00000000000 0.00000000000 0.00000000000 0.00000000000 0.00000000000 0.00000000000 0.00000000000 0.00000000000
# logsel_p1_fsh[1]:
 0.00000000000 0.00000000000 0.00000000000 0.00000000000 0.00000000000 0.00000000000 0.00000000000 0.00000000000 0.00000000000 0.00000000000 0.00000000000 0.00000000000 0.00000000000 0.00000000000 0.00000000000 0.00000000000 0.00000000000 0.00000000000 0.00000000000 0.00000000000 0.00000000000 0.00000000000 0.00000000000 0.00000000000 0.00000000000 0.00000000000 0.00000000000 0.00000000000 0.00000000000 0.00000000000 0.00000000000 0.00000000000 0.00000000000 0.00000000000 0.00000000000 0.00000000000
# logsel_p1_fsh[2]:
 0.00000000000 0.00000000000 0.00000000000 0.00000000000 0.00000000000 0.00000000000 0.00000000000 0.00000000000 0.00000000000 0.00000000000 0.00000000000 0.00000000000 0.00000000000 0.00000000000 0.00000000000 0.00000000000 0.00000000000 0.00000000000 0.00000000000 0.00000000000 0.00000000000 0.00000000000 0.00000000000 0.00000000000 0.00000000000 0.00000000000 0.00000000000 0.00000000000 0.00000000000 0.00000000000 0.00000000000 0.00000000000 0.00000000000 0.00000000000 0.00000000000 0.00000000000 0.00000000000
# logsel_p1_fsh[3]:
 0.00000000000 0.00000000000 0.00000000000 0.00000000000 0.00000000000 0.00000000000 0.00000000000 0.00000000000 0.00000000000 0.00000000000 0.00000000000 0.00000000000 0.00000000000 0.00000000000 0.00000000000 0.00000000000 0.00000000000 0.00000000000 0.00000000000 0.00000000000 0.00000000000 0.00000000000 0.00000000000 0.00000000000 0.00000000000 0.00000000000 0.00000000000 0.00000000000 0.00000000000 0.00000000000 0.00000000000 0.00000000000 0.00000000000 0.00000000000 0.00000000000 0.00000000000 0.00000000000 0.00000000000 0.00000000000 0.00000000000
# logsel_p1_fsh[4]:
 0.00000000000 0.00000000000 0.00000000000 0.00000000000 0.00000000000 0.00000000000 0.00000000000 0.00000000000 0.00000000000 0.00000000000 0.00000000000 0.00000000000 0.00000000000 0.00000000000 0.00000000000 0.00000000000 0.00000000000 0.00000000000 0.00000000000 0.00000000000 0.00000000000 0.00000000000 0.00000000000 0.00000000000 0.00000000000 0.00000000000 0.00000000000 0.00000000000 0.00000000000 0.00000000000 0.00000000000
# sel_p2_fsh[1]:
 0.00000000000 0.00000000000 0.00000000000 0.00000000000 0.00000000000 0.00000000000 0.00000000000 0.00000000000 0.00000000000 0.00000000000 0.00000000000 0.00000000000 0.00000000000 0.00000000000 0.00000000000 0.00000000000 0.00000000000 0.00000000000 0.00000000000 0.00000000000 0.00000000000 0.00000000000 0.00000000000 0.00000000000 0.00000000000 0.00000000000 0.00000000000 0.00000000000 0.00000000000 0.00000000000 0.00000000000 0.00000000000 0.00000000000 0.00000000000 0.00000000000 0.00000000000
# sel_p2_fsh[2]:
 0.00000000000 0.00000000000 0.00000000000 0.00000000000 0.00000000000 0.00000000000 0.00000000000 0.00000000000 0.00000000000 0.00000000000 0.00000000000 0.00000000000 0.00000000000 0.00000000000 0.00000000000 0.00000000000 0.00000000000 0.00000000000 0.00000000000 0.00000000000 0.00000000000 0.00000000000 0.00000000000 0.00000000000 0.00000000000 0.00000000000 0.00000000000 0.00000000000 0.00000000000 0.00000000000 0.00000000000 0.00000000000 0.00000000000 0.00000000000 0.00000000000 0.00000000000 0.00000000000
# sel_p2_fsh[3]:
 0.00000000000 0.00000000000 0.00000000000 0.00000000000 0.00000000000 0.00000000000 0.00000000000 0.00000000000 0.00000000000 0.00000000000 0.00000000000 0.00000000000 0.00000000000 0.00000000000 0.00000000000 0.00000000000 0.00000000000 0.00000000000 0.00000000000 0.00000000000 0.00000000000 0.00000000000 0.00000000000 0.00000000000 0.00000000000 0.00000000000 0.00000000000 0.00000000000 0.00000000000 0.00000000000 0.00000000000 0.00000000000 0.00000000000 0.00000000000 0.00000000000 0.00000000000 0.00000000000 0.00000000000 0.00000000000 0.00000000000
# sel_p2_fsh[4]:
 0.00000000000 0.00000000000 0.00000000000 0.00000000000 0.00000000000 0.00000000000 0.00000000000 0.00000000000 0.00000000000 0.00000000000 0.00000000000 0.00000000000 0.00000000000 0.00000000000 0.00000000000 0.00000000000 0.00000000000 0.00000000000 0.00000000000 0.00000000000 0.00000000000 0.00000000000 0.00000000000 0.00000000000 0.00000000000 0.00000000000 0.00000000000 0.00000000000 0.00000000000 0.00000000000 0.00000000000
# logsel_p3_fsh[1]:
 0.00000000000 0.00000000000 0.00000000000 0.00000000000 0.00000000000 0.00000000000 0.00000000000 0.00000000000 0.00000000000 0.00000000000 0.00000000000 0.00000000000 0.00000000000 0.00000000000 0.00000000000 0.00000000000 0.00000000000 0.00000000000 0.00000000000 0.00000000000 0.00000000000 0.00000000000 0.00000000000 0.00000000000 0.00000000000 0.00000000000 0.00000000000 0.00000000000 0.00000000000 0.00000000000 0.00000000000 0.00000000000 0.00000000000 0.00000000000 0.00000000000 0.00000000000
# logsel_p3_fsh[2]:
 0.00000000000 0.00000000000 0.00000000000 0.00000000000 0.00000000000 0.00000000000 0.00000000000 0.00000000000 0.00000000000 0.00000000000 0.00000000000 0.00000000000 0.00000000000 0.00000000000 0.00000000000 0.00000000000 0.00000000000 0.00000000000 0.00000000000 0.00000000000 0.00000000000 0.00000000000 0.00000000000 0.00000000000 0.00000000000 0.00000000000 0.00000000000 0.00000000000 0.00000000000 0.00000000000 0.00000000000 0.00000000000 0.00000000000 0.00000000000 0.00000000000 0.00000000000 0.00000000000
# logsel_p3_fsh[3]:
 0.00000000000 0.00000000000 0.00000000000 0.00000000000 0.00000000000 0.00000000000 0.00000000000 0.00000000000 0.00000000000 0.00000000000 0.00000000000 0.00000000000 0.00000000000 0.00000000000 0.00000000000 0.00000000000 0.00000000000 0.00000000000 0.00000000000 0.00000000000 0.00000000000 0.00000000000 0.00000000000 0.00000000000 0.00000000000 0.00000000000 0.00000000000 0.00000000000 0.00000000000 0.00000000000 0.00000000000 0.00000000000 0.00000000000 0.00000000000 0.00000000000 0.00000000000 0.00000000000 0.00000000000 0.00000000000 0.00000000000
# logsel_p3_fsh[4]:
 0.00000000000 0.00000000000 0.00000000000 0.00000000000 0.00000000000 0.00000000000 0.00000000000 0.00000000000 0.00000000000 0.00000000000 0.00000000000 0.00000000000 0.00000000000 0.00000000000 0.00000000000 0.00000000000 0.00000000000 0.00000000000 0.00000000000 0.00000000000 0.00000000000 0.00000000000 0.00000000000 0.00000000000 0.00000000000 0.00000000000 0.00000000000 0.00000000000 0.00000000000 0.00000000000 0.00000000000
# rec_dev_future:
 0.00000000000
# log_q_ind[1]:
-0.0973149043943
# log_q_ind[2]:
-3.14474398149
# log_q_ind[3]:
-9.57675076413
# log_q_ind[4]:
-0.744594693289
# log_q_ind[5]:
-6.20092645956
# log_q_ind[6]:
-8.44056654380
# log_q_ind[7]:
-8.31162730038
# log_q_ind[8]:
-1.22232202520
# log_q_power_ind[1]:
0.00000000000
# log_q_power_ind[2]:
0.00000000000
# log_q_power_ind[3]:
0.00000000000
# log_q_power_ind[4]:
0.00000000000
# log_q_power_ind[5]:
0.00000000000
# log_q_power_ind[6]:
0.00000000000
# log_q_power_ind[7]:
0.00000000000
# log_q_power_ind[8]:
0.00000000000
# log_rw_q_ind[1]:
 -1.20370740006
# log_rw_q_ind[3]:
 -0.365196632918
# log_selcoffs_ind[1]:
 -3.23614504687 -2.08163297699 -0.978022434977 -0.127405108605 0.321266517624 0.473670828782 0.435854314936 0.345512898311 0.284530824675 0.267459264393
 -3.17455812576 -2.26508949157 -1.38801130411 -0.587165966701 0.0634463047752 0.471331162632 0.586467755010 0.519204528386 0.406394718332 0.337581916732
# log_selcoffs_ind[2]:
 -0.611724531399 -0.108424251917 0.193535554119 0.266730832364 0.124556284049 -0.0146636003172 -0.0641336221987 -0.0358242791203 0.00531329395329 0.0148991201197
 -0.0500196931157 0.0876466701219 0.131971941480 0.166836033125 0.130720356363 0.0367914937260 -0.0722011537669 -0.150727004654 -0.182169347654 -0.182076203315
 0.280639435365 0.206495657471 0.194142971214 0.173432294243 0.0761489628162 -0.0662931559476 -0.193809479402 -0.282212161108 -0.321910398857 -0.321114507841
# log_selcoffs_ind[3]:
 -0.202940821038 0.0202027052767 0.0202027052767 0.0202027052767 0.0202027052767 0.0202027052767 0.0202027052767 0.0202027052767 0.0202027052767 0.0202027052767
# log_selcoffs_ind[4]:
 -2.62896795503 -1.62468228864 -0.758472850169 -0.210427064851 0.0205706993019 0.162790393903 0.290406113665 0.411026633748 0.504835846776 0.561117817149
 -3.24751314738 -2.36594451203 -1.50384870193 -0.763361515692 -0.207164274712 0.190387561470 0.452428455159 0.608466775891 0.637578790380 0.617702444647
# log_selcoffs_ind[5]:
 -3.04452005677 -0.669616569639 0.101782682789 0.174353368097 0.174353368097 0.174353368097 0.174353368097 0.174353368097 0.174353368097 0.174353368097
# log_selcoffs_ind[6]:
 -3.04452005677 -0.669616569639 0.101782682789 0.174353368097 0.174353368097 0.174353368097 0.174353368097 0.174353368097 0.174353368097 0.174353368097
# log_selcoffs_ind[7]:
 -3.04452005677 -0.669616569639 0.101782682789 0.174353368097 0.174353368097 0.174353368097 0.174353368097 0.174353368097 0.174353368097 0.174353368097
# log_selcoffs_ind[8]:
 -3.04452005677 -0.669616569639 0.101782682789 0.174353368097 0.174353368097 0.174353368097 0.174353368097 0.174353368097 0.174353368097 0.174353368097
# logsel_slope_ind[1]:
 0.00000000000 0.00000000000
# logsel_slope_ind[2]:
 0.00000000000 0.00000000000 0.00000000000
# logsel_slope_ind[3]:
 0.00000000000
# logsel_slope_ind[4]:
 0.00000000000 0.00000000000
# logsel_slope_ind[5]:
 0.00000000000
# logsel_slope_ind[6]:
 0.00000000000
# logsel_slope_ind[7]:
 0.00000000000
# logsel_slope_ind[8]:
 0.00000000000
# sel50_ind[1]:
 0.00000000000 0.00000000000
# sel50_ind[2]:
 0.00000000000 0.00000000000 0.00000000000
# sel50_ind[3]:
 0.00000000000
# sel50_ind[4]:
 0.00000000000 0.00000000000
# sel50_ind[5]:
 0.00000000000
# sel50_ind[6]:
 0.00000000000
# sel50_ind[7]:
 0.00000000000
# sel50_ind[8]:
 0.00000000000
# logsel_p1_ind[1]:
 0.00000000000 0.00000000000
# logsel_p1_ind[2]:
 0.00000000000 0.00000000000 0.00000000000
# logsel_p1_ind[3]:
 0.00000000000
# logsel_p1_ind[4]:
 0.00000000000 0.00000000000
# logsel_p1_ind[5]:
 0.00000000000
# logsel_p1_ind[6]:
 0.00000000000
# logsel_p1_ind[7]:
 0.00000000000
# logsel_p1_ind[8]:
 0.00000000000
# sel_p2_ind[1]:
 0.00000000000 0.00000000000
# sel_p2_ind[2]:
 0.00000000000 0.00000000000 0.00000000000
# sel_p2_ind[3]:
 0.00000000000
# sel_p2_ind[4]:
 0.00000000000 0.00000000000
# sel_p2_ind[5]:
 0.00000000000
# sel_p2_ind[6]:
 0.00000000000
# sel_p2_ind[7]:
 0.00000000000
# sel_p2_ind[8]:
 0.00000000000
# logsel_p3_ind[1]:
 0.00000000000 0.00000000000
# logsel_p3_ind[2]:
 0.00000000000 0.00000000000 0.00000000000
# logsel_p3_ind[3]:
 0.00000000000
# logsel_p3_ind[4]:
 0.00000000000 0.00000000000
# logsel_p3_ind[5]:
 0.00000000000
# logsel_p3_ind[6]:
 0.00000000000
# logsel_p3_ind[7]:
 0.00000000000
# logsel_p3_ind[8]:
 0.00000000000
