# Number of parameters = 1825 Objective function value = 1331.36732413982  Maximum gradient component = 0.000312284354188723
# Mest[1]:
0.280000000000
# log_Linf[1]:
4.29810139974
# log_k[1]:
-1.83258146375
# log_Lo[1]:
2.60712428251
# log_sdage[1]:
-2.40794560865
# mean_log_rec[1]:
9.36144530426
# steepness[1]:
0.650000000000
# log_Rzero[1]:
9.69270476661
# rec_dev:
 -0.0878513155805 -0.113113660785 -0.144371666257 -0.182674744123 -0.228994218730 -0.283736463603 -0.345697174314 -0.413987894089 -0.490498724772 -0.573051552746 -0.654160344812 -0.724013753740 -0.795911008105 -0.878969372760 -0.993252761648 -0.982807257106 -0.727097419173 -0.497425177295 -0.0936059692160 0.139049084475 0.180448534528 0.222988449237 0.378161904218 0.522715917886 0.854205363905 0.577953918281 0.754433859208 1.55968815457 1.49431228332 0.791452440299 0.267087472724 0.391093005825 0.666586621668 0.780765109929 0.224516835046 0.306654664706 0.241511918320 0.249499742551 0.397601082155 0.372578773374 0.619686493161 0.567934011927 0.575239104747 0.474222741330 -0.0290245070091 -0.146952181442 -0.0703839826967 -0.622241189432 -1.70016766161 -0.708554949252 -0.274602428607 -0.848903669562 -1.06892356714 -1.16833610984 -1.06961803021 -0.542620569449 -0.448388842136 0.161962589525 0.669736162908 0.967816830250 0.717577994952 0.297408751960 0.600398126355 -0.162036984356 -0.444433074439 0.454608742959
# log_sigmar[1]:
-0.510825623766
# fmort:
 -4.77182343197 -4.34236837828 -5.05849817917 -4.72169881998 -3.94141541204 -3.59927858421 -3.26286703982 -3.25918701608 -2.53119078446 -2.57275456979 -2.82108326769 -2.43637867133 -1.69639403646 -2.67078143470 -1.83677009967 -2.45849235011 -4.90533108316 -3.61810861339 -4.06787495930 -4.21279932466 -4.30709221474 -3.99207291890 -3.92526333726 -3.75452190768 -4.20517060103 -3.93336291141 -3.52155579630 -4.53165243131 -5.70125511158 -5.08275215338 -4.67989586134 -3.97425653161 -4.83354093753 -4.39099230498 -4.28264491960 -3.89509732048 -3.80799709454 -3.28972638537 -2.72140266685 -3.09150882469 -2.83885475115 -4.38859404280 -5.26485247820 -4.73703786694 -4.68880947373 -4.37215009625 -4.73349263892 -4.38881138684 -5.58744185076 -5.90307181490 -4.78140391330 -4.83846789327 -5.04061862367 -5.23071852498 -5.13770674379
 -7.16175435095 -6.70561622003 -6.21712955120 -5.60525926495 -5.80180436892 -5.07483277554 -4.54089956560 -4.17703275306 -3.67027461707 -3.44143552158 -3.31898377243 -2.57087900560 -2.34489749480 -2.65360123509 -2.23592721117 -1.85089714311 -1.66877709346 -1.34930755170 -1.16381002383 -1.04426493516 -1.03755157122 -0.811104008299 -0.516003825776 -0.472485586303 -0.280802799800 0.00682044588257 -0.0305701725376 -0.0341523422098 -0.549271328933 -1.03831742397 -1.47254838169 -1.32746607920 -1.26061642414 -1.35257461849 -1.35365006902 -1.33348850851 -1.23677998656 -1.01990432490 -1.15672947791 -0.849072185540 -1.40389144958 -1.75501393576 -2.10131068106 -2.27987397383 -2.29132206534 -2.11843618259 -2.07904731915 -2.03561228437 -1.92779855985 -2.04840353971 -2.13285396897 -2.18554298134 -2.31080959526 -2.26078808004 -2.06447645969
 -8.53248936381 -7.78220057147 -6.88306747735 -5.97250059317 -4.75131210424 -5.86223467938 -5.40305141370 -3.01508940509 -3.27301673365 -3.48175812406 -3.41627995941 -3.47865686148 -4.50063393463 -4.68535889549 -4.34599391939 -4.98225141185 -5.98430197186 -6.08409532575 -4.74990281354 -4.83654597964 -4.79750275594 -5.07188903671 -5.45569817061 -5.24604704307 -4.69492909214 -3.44903628999 -3.07811132557 -2.41307393591 -2.76330497419 -3.85162997180 -3.75816968328 -2.84406418706 -4.50277070052 -4.17209509431 -4.33673979673 -5.07353233362 -3.77793452212 -3.69761882006 -3.72790730385 -3.95695328975 -5.12512512257 -2.97919416799 -3.56528205980 -4.38498357971 -4.41688121399 -5.57879946608 -6.19803153725 -7.00447956420 -5.62634926440 -5.19896717268 -5.49429614837 -5.81980102666 -5.61609839031 -5.14844697889 -5.01230966153
 -9.74422673861 -9.67088304834 -7.89048680615 -9.51848959690 -9.43228861421 -9.33457513732 -9.18634990821 -8.27477268706 -4.99170075954 -2.79104540872 -2.64322260912 -2.16815299290 -1.34769920734 -0.903734560989 -0.662584005210 -1.04487747701 -1.34634088535 -1.71330721889 -2.06649444286 -2.38310598187 -2.64588559764 -3.22515605071 -5.77320095498 -9.26904243803 -9.09521082517 -8.81327171510 -8.44325130221 -8.08578460413 -7.91710806857 -8.03385190640 -7.54744750420 -5.67096157428 -4.54684586630 -3.99643062290 -3.36791288384 -3.49107736222 -3.00763298994 -2.58803894604 -2.35917872057 -2.09632418401 -2.29809652708 -3.55179662717 -3.90967056448 -3.92600296636 -3.54942098591 -3.37924626617 -3.88701297978 -4.00834774934 -4.07426439564 -4.30182946436 -6.90108811727 -4.64417707821 -4.62645464428 -4.32021539203 -5.35826076634
# log_selcoffs_fsh[1]:
 -3.93287694399 -2.33832420104 -1.33621857001 -0.292336724312 0.706188556163 1.03861466452 0.532226752994 -0.185987496093 -0.713327118391
 -3.45299842018 -1.81393238484 -1.15108642252 -0.351364025849 0.555053029216 0.949602926738 0.605408465874 -0.00258499692955 -0.463335040774
 -3.10737656114 -1.63303101591 -0.836033008076 -0.0854854615565 0.537020639511 0.779828126708 0.533475784312 0.0696804270007 -0.301862290514
 -2.69767032768 -1.41095953311 -0.755383894883 -0.143847432746 0.594647606991 0.751511682806 0.452047096076 0.0524976379642 -0.229592012522
 -2.05019799487 -0.524847862300 -0.226822607545 0.0317443426912 0.311579243915 0.473770026868 0.362761106096 0.118579804413 -0.0882602722200
 -1.92056753726 -0.691502987997 0.290333833597 0.522956994870 0.240431481347 0.149188832567 0.0809970435425 -0.0427185125740 -0.158371698253
 -1.61101905384 -0.538597256931 0.392347804370 0.651375714140 0.268761779163 0.00247953104883 -0.116466851597 -0.187126727488 -0.238390248668
 -1.16197534145 -0.331591991195 0.451303526993 0.716849251018 0.208486133291 -0.115916949990 -0.265227805896 -0.311086158644 -0.316107590042
 -0.856601020384 0.159374937788 0.368322472891 0.518035681316 0.297688864083 -0.126656276056 -0.353948711419 -0.405397046823 -0.382458125816
 -0.614195090295 0.313910254959 0.514743235035 0.510504410008 0.137896659870 -0.265792950488 -0.484341617626 -0.516235119142 -0.472412546422
 -0.0831216727253 0.856079790403 0.406283049327 0.141904547243 -0.208600886188 -0.483438393557 -0.620137175560 -0.622025294024 -0.563792821636
 0.110917109568 0.817716705779 0.573634184761 0.120015198144 -0.383406217279 -0.632701411204 -0.724867240481 -0.708011086184 -0.643491822544
 -0.145372498429 1.08288778634 0.635392231640 -0.0734634992104 -0.583463892309 -0.791076462205 -0.841093795666 -0.804940237502 -0.743388639031
 0.173549650193 1.08485800515 0.573439427223 -0.135376311053 -0.677466444564 -0.873481959260 -0.905485577518 -0.858451987842 -0.798166470484
 0.167706791778 1.16347882949 0.532423130887 -0.195095249744 -0.724762885704 -0.925877919438 -0.960540946459 -0.912633413352 -0.853842463695
 -0.237327259746 1.23085963487 0.659353841463 -0.154257496756 -0.752684223437 -0.970213448492 -1.01212491052 -0.967113241526 -0.909380244168
 -0.174372717402 1.28510654709 0.586780501847 -0.196554144518 -0.784163872455 -1.00507602595 -1.04980673387 -1.00681486131 -0.948525135549
 0.441863970646 1.04831161917 0.633168455455 -0.205689219241 -0.805917977123 -1.02439602339 -1.06712171998 -1.02016540896 -0.957929514340
 0.732147924063 1.07130704882 0.382727246017 -0.322962505140 -0.865297125952 -1.07401429404 -1.11177896580 -1.05708564642 -0.988902204966
 0.464151711434 1.17266822085 0.540211504009 -0.320795524557 -0.920620561140 -1.13114701438 -1.15700775991 -1.08728199709 -1.00977419717
 0.542132711718 1.26601136442 0.373018036448 -0.453273652688 -1.00963094314 -1.20002626827 -1.21001560262 -1.12140321791 -1.03158312449
 0.428898551281 1.29076001515 0.511524593208 -0.518131027913 -1.10743932473 -1.27433044167 -1.25749793701 -1.14604804814 -1.04087915725
 0.691516775790 1.18905284456 0.450105061202 -0.500406105490 -1.12769886081 -1.30898153032 -1.28330388938 -1.15144631258 -1.02902360911
 0.468232811295 1.34878055752 0.364106507403 -0.550127653441 -1.13698228864 -1.32359173091 -1.30124623735 -1.15804341639 -1.01957790293
 0.664921255336 1.25535490685 0.317063889216 -0.529232125354 -1.09391573728 -1.29611427191 -1.28381048123 -1.13126339328 -0.977285624817
 0.615508512188 1.19583009581 0.386063066055 -0.384824236528 -1.02204382162 -1.24334277125 -1.22529204939 -1.06671134712 -0.903211203791
 0.0339783231695 1.24909828737 0.575148858380 -0.209296510601 -0.906545533506 -1.13188773609 -1.10941983767 -0.954069139703 -0.802005246867
 0.324029542163 1.10843193808 0.516621926358 -0.272794489482 -0.828184424529 -1.00084356616 -0.953725721676 -0.802748610953 -0.668856560398
 1.13875804975 0.665021561703 -0.0238948733852 -0.538080044306 -0.850701086924 -0.913572070602 -0.820342137837 -0.659215177954 -0.533444279889
 0.737925777975 0.984881178300 0.000706020739412 -0.665010786677 -0.853544679843 -0.803550680087 -0.653111980717 -0.478205129588 -0.353847388610
 0.471218651617 1.00123552374 -0.0693146807470 -0.647555308173 -0.765340540907 -0.661125910215 -0.466449080374 -0.279058536019 -0.156783141319
 0.325174535745 0.672141585271 -0.0489241141218 -0.478227403933 -0.546715429472 -0.435962095034 -0.228073209984 -0.0312016536162 0.0901420048452
 -0.625699443461 0.343154689394 0.0433293743181 -0.201415384235 -0.205403501031 -0.153841518834 0.00996032064352 0.170931159911 0.281959940990
 -1.23802170887 -0.390313843056 -0.305188719288 -0.0912303177735 0.100299469285 0.116445631596 0.289999117955 0.309760615876 0.374925576894
 -0.884707462301 -0.252974640270 -0.601511995760 -0.509125989175 -0.167686776199 0.108300277550 0.337388511401 0.462763532311 0.537622892290
 -0.234865379409 -1.12684637393 -1.15038827358 -0.735682461687 -0.248419885399 0.143365513333 0.422749494103 0.567486057514 0.623482916694
 -1.34872340744 -1.46718548460 -1.32843832901 -0.724503771452 -0.127307506323 0.243374730371 0.546874045922 0.660460192354 0.663133218155
 -1.91586083482 -1.53285333783 -1.31688724288 -0.780948873156 -0.184495729864 0.289959531046 0.557924577297 0.689078361811 0.695199407924
 -1.92476940014 -1.97810891112 -1.74965561324 -1.10646848631 -0.303265158053 0.326558923219 0.695989300484 0.756275207373 0.668131666629
 -2.09092596795 -2.16556327977 -1.86050561221 -1.14519383207 -0.332968500909 0.338367930610 0.716705227125 0.761684035192 0.682581902809
 -1.95348037052 -2.04296143649 -1.73386604854 -1.07672595045 -0.350292284802 0.223875104342 0.604100272011 0.794519539537 0.794297811898
 -2.05058590148 -1.97112669407 -1.63684776181 -1.03982880981 -0.328926018194 0.240057687273 0.583525696618 0.762713592840 0.813806384127
# log_selcoffs_fsh[2]:
 -2.37351705958 -0.464446326967 0.322902577889 0.697965549698 0.590840089997 0.218271356056 -0.0742404635642 -0.301152397645 -0.470658865805 -0.606711729852
 -2.28503149158 -0.395024414628 -0.456470956659 0.123921173838 0.646759709880 0.637227050421 0.271974752521 -0.0896122998356 -0.290291377803 -0.380287161275
 -2.83888714975 -0.983177809813 -0.545701468956 -0.0555874226319 0.535814520695 0.706703924525 0.409064987687 0.0592236293080 -0.114181545980 -0.165619501134
 -3.25679845564 -1.67606786723 -0.748685585816 -0.232548364646 0.398342698747 0.718406458186 0.450849561481 0.189552958389 0.0933840814997 0.0881271598325
 -2.86840474082 -1.31413371420 -1.23600285440 -0.699663284332 0.124418129157 0.576355006366 0.466281653073 0.354751577188 0.366006930052 0.414313070912
 -2.47987392394 -1.34347680952 -1.11779455462 -1.00131954787 -0.461726345450 0.0484019744887 0.332202043557 0.517442031690 0.685377230657 0.799685957004
 -3.12800147201 -1.86158394676 -0.975674725593 -0.795210919730 -0.665693610238 -0.301474684699 0.123833670890 0.508170572420 0.808569170298 0.985791320344
 -3.65433722468 -2.66255905100 -1.85432806176 -1.10094540972 -0.489926570447 -0.0940517256896 0.240060853383 0.485026060311 0.803323650137 1.01661955801
 -3.92008773245 -2.89087358249 -2.26420318503 -1.53301252738 -0.658768977173 -0.0749648871623 0.330615085820 0.630192948834 0.838775563953 0.946331934804
 -4.00306013359 -2.77698625820 -2.05226873398 -1.56872652150 -1.05535289664 -0.363537742751 0.232986353198 0.773063771127 0.989675646764 0.883916154690
 -3.83259220656 -2.34066417836 -1.59956446355 -1.14047953364 -0.806617758499 -0.530302068954 0.0190023241206 0.672476604509 0.998271361445 0.968422396544
 -3.75248602942 -2.24049268226 -1.42094109867 -0.962337064371 -0.599269655466 -0.296570434131 0.234952644931 0.653813939813 0.854437683865 0.882242029950
 -3.43142394299 -1.59462077384 -0.942674506568 -0.580074612618 -0.306052483306 -0.223861520030 0.153989704770 0.500977008488 0.746222849257 0.855958029493
 -2.98931364634 -1.26848426720 -0.616732602734 -0.325179351725 -0.204015695056 -0.0944382810253 0.153107692326 0.415741290086 0.634049208612 0.748965490513
 -2.58902640389 -0.594258553506 -0.341628899962 -0.317741522242 -0.339136089959 -0.195843389598 0.112262309476 0.381379331245 0.593148354666 0.696750516435
 -2.23986804034 -0.274664063944 -0.287554566889 -0.345593962133 -0.414426750340 -0.260529176990 0.0553317406491 0.341613594325 0.569984232303 0.699176628905
 -1.84120211366 -0.245177298460 -0.242099512194 -0.276239180939 -0.407323767020 -0.337691929980 -0.0414144591672 0.284790303117 0.564841675729 0.736336315452
 -1.98857115038 -0.275119074284 0.0196879638968 -0.0942799563571 -0.317120345615 -0.311381010943 -0.0689239539169 0.240814309985 0.484934120377 0.633019303785
 -2.21929680009 -0.396373485134 -0.0108379777802 -0.0186302446762 -0.226530320818 -0.221370716779 -0.000335435623259 0.267493899522 0.465510665708 0.559560793774
 -2.31889190823 -0.709178564526 -0.291477650092 -0.0650224099764 -0.143458485627 -0.125508517215 0.0967866136882 0.354197962452 0.516120155965 0.573677735879
 -2.40791602806 -0.800833068697 -0.334069296691 -0.0556344471445 -0.142976442688 -0.149795433413 0.0819661791471 0.370347907632 0.541241683126 0.598670967726
 -2.68805073037 -0.903362957541 -0.304430758941 -0.0323085337050 -0.0786910279614 -0.0905448384862 0.123732191415 0.362267774469 0.508515493443 0.560846526748
 -2.98229476316 -1.51080484223 -0.457095626269 0.109564277963 0.113035412327 0.0336427798265 0.175452777998 0.364835049313 0.460817801047 0.475215475468
 -3.11745020666 -1.84991590261 -0.901144337773 -0.128338851767 0.241750590437 0.208373020028 0.352491723935 0.469422610676 0.453985555764 0.344593876216
 -3.19152754426 -1.65490768014 -0.881907211229 -0.424425086950 0.0505690531002 0.298083627244 0.437299918500 0.577458176158 0.477421015863 0.306426837614
 -3.35234980833 -1.96254663111 -1.08542684669 -0.231753293232 0.213452222184 0.370405993846 0.413578303576 0.493651457813 0.440622490236 0.264785004547
 -3.62720937564 -1.79760035097 -0.965884389692 -0.0115844035346 0.378866118575 0.490023280573 0.464153040094 0.386750449929 0.205918145254 0.0526823954226
 -3.73910332338 -1.71798402578 -0.836622105742 0.0115783837403 0.395834316108 0.417238064408 0.679895741381 0.444890349574 0.0106469153101 -0.218282576581
 -3.70717653525 -2.18817884869 -1.32460539118 0.0606578589760 0.592230139518 0.570423028949 0.691751137037 0.264636267736 -0.0848714079067 -0.302374839685
 -3.67864871322 -1.87963676150 -0.621202421939 0.108255040595 0.806176807054 0.578093966914 0.338753497776 0.0630981504705 -0.127561695530 -0.223228653432
 -3.45985480428 -1.29793000369 -0.137160030705 0.360063279427 0.306854443928 0.225555351715 0.239814881256 0.193625378434 0.149677535225 0.123934377953
 -3.39521749995 -1.38656471698 -0.383066468118 0.0584202196646 0.244972312577 0.136534661308 0.153748323640 0.317920580161 0.401488999904 0.416216144669
 -3.01455331227 -0.881279988613 -0.610487661370 -0.324698337088 -0.0146819539036 0.0528669969919 0.0608482653261 0.338366634216 0.595050340809 0.669171706937
 -3.75067029121 -1.43919094695 -0.629378947547 -0.118054049895 0.129740912576 0.193463509746 0.185798034339 0.313176290186 0.484081303055 0.571659508379
 -4.19384234985 -2.07277827882 -1.13731787319 -0.510810363812 0.0791401038071 0.317047846377 0.395337143759 0.465031170418 0.526960982962 0.537801815699
 -4.61408669375 -2.66875217752 -1.49591976425 -0.717429291982 -0.152208977656 0.198267133457 0.438600275516 0.577911923358 0.616807704178 0.665135395115
 -4.90148991955 -3.23270001797 -2.05511906377 -1.04806182828 -0.140184034962 0.243028875367 0.544755172826 0.670841702440 0.616795682421 0.586155021262
 -4.97948287728 -3.37478534818 -2.51004229291 -1.61751774998 -0.575840819102 0.197873329904 0.581954610835 0.764682129380 0.709274457503 0.656400812034
 -5.00400112062 -3.47735200837 -2.29520405369 -1.65892581975 -0.849103940822 -0.164200479463 0.381744994242 0.689396954271 0.846210948470 0.958121398952
 -4.94129997461 -3.61959420284 -2.35990652177 -1.48820925612 -0.986910837242 -0.453029507023 0.0582342456478 0.520699290030 0.870633594571 1.25442975611
 -4.84124461014 -3.43531004396 -2.14828937010 -1.13250211419 -0.753528102311 -0.599000619494 -0.325845330798 0.133280526221 0.807310922779 1.48036648192
 -4.81121415412 -3.38702758379 -2.07909424158 -1.12918996014 -0.628289510614 -0.525324565890 -0.404693222312 0.0250319384658 0.771324631122 1.51065341461
# log_selcoffs_fsh[3]:
 -2.00108806691 -1.22151199463 0.182148797737 1.02487849500 0.378941047322 -0.375639054202 -0.830362566992
 -2.36460311080 -1.26590417319 0.365536260773 0.987238002840 0.322387220859 -0.393003564481 -0.813090665626
 -2.18334839696 -1.05291728510 0.214152793402 0.956361340247 0.383857323938 -0.300571074404 -0.715261615499
 -3.01773646457 -1.56004222781 0.258918217483 1.05393359094 0.333963506727 -0.348476885907 -0.745989569323
 -3.42836654516 -1.77361187881 0.288717246167 0.965498920620 0.441428319123 -0.241608900768 -0.699689302252
 -3.61632710732 -1.94984581277 -0.217821727239 0.973522590836 0.678228870535 -0.111159892598 -0.665298455196
 -3.65396278706 -1.90548265934 -0.284908301157 0.976496772905 0.665556948492 -0.0776819603056 -0.602745746887
 -3.52334640967 -1.57392132043 0.433211709682 0.744700214607 0.438097798936 -0.0570199762247 -0.476546274357
 -3.24594593017 -1.37025334201 0.255219891853 0.656972979426 0.551069043931 0.0659101546175 -0.379654014197
 -2.98402985966 -0.900686386572 0.155232500300 0.725116158814 0.488522821215 -0.00435359257910 -0.378836337128
 -3.00746147662 -1.25754444003 0.0611147182006 0.991184269546 0.440608206639 -0.224090540067 -0.587180643981
 -3.05153483141 -1.22604037854 0.189063199396 1.00319566275 0.419777000361 -0.332745086079 -0.722397928847
 -3.07153477005 -1.20590950396 0.321944478325 1.05961190372 0.279042921940 -0.487395611221 -0.791679713299
 -2.96428491477 -0.767642114721 0.749501561737 0.762260880921 0.110165038409 -0.486028475293 -0.705809436320
 -2.94280194180 -0.950601705955 0.628607955469 0.823983409646 0.161355879645 -0.400650303745 -0.577632433265
 -2.94788365805 -0.929941855072 0.734097511982 0.824540167243 -0.0354435850928 -0.482866363956 -0.500296699913
 -2.95214922597 -0.686868137701 0.907377517887 0.677103048390 -0.194219436703 -0.575231048424 -0.490063533198
 -3.01140793223 -0.768540865441 1.05639721610 0.594377056021 -0.278208932771 -0.678454998671 -0.626130237043
 -2.88809699820 -0.295362648013 1.07344671129 0.456034801304 -0.325170935106 -0.711133284302 -0.727087649531
 -2.81448549705 -0.374700261411 1.16184654256 0.381101121647 -0.398775936925 -0.759193279978 -0.790407921067
 -2.71056630823 -0.149658560510 1.15753556198 0.296068758346 -0.460224166757 -0.776914919381 -0.787699063213
 -2.65282408632 -0.432232081587 1.20322435359 0.287069487179 -0.466421979525 -0.728872762439 -0.678380574533
 -2.43559278916 -0.660380808960 1.04094254425 0.419314678577 -0.304775093986 -0.510208107699 -0.349081216327
 -2.12878841317 -0.329137479030 0.738746812083 0.472043626638 -0.139533901392 -0.329182957036 -0.132820942116
 -1.90669816340 -0.469269525277 0.504595648008 0.711561839611 -0.0223228167417 -0.331491834808 -0.178279844612
 -1.69942003857 0.340263490938 0.449200856114 0.364349257064 0.0217246745804 -0.368800074610 -0.368558841020
 -1.96324086632 0.0869531550612 1.00958752940 0.338573104436 -0.343742888904 -0.741173434337 -0.830863327160
 -2.21637334914 -0.330557827838 1.06335695238 0.625686730330 -0.360298797805 -0.939125541273 -1.14435285316
 -2.45313168675 -0.479115761122 1.05193152073 0.702933546541 -0.276895496168 -0.985040426954 -1.27209901742
 -2.56339922324 -0.550562997920 0.632279105772 1.00461630731 0.0787016332230 -0.928201247541 -1.36088793194
 -2.48695917949 0.241023330928 0.677594540495 0.761780084679 -0.0756583915956 -0.981803671459 -1.46404847370
 -2.79128540772 -0.654669320329 1.29252287019 0.497091507830 -0.437349425143 -1.21296288436 -1.66027393140
 -2.97994733047 -0.983837857890 0.986205052600 0.978605952600 -0.274779184770 -1.23471078225 -1.69888709743
 -3.03167461177 -1.03737826144 0.684183806355 1.12575794724 -0.00353347111366 -1.09568445962 -1.60001564279
 -3.02567830954 -0.922468693464 0.895302686604 0.990063157385 -0.176090347981 -1.06188993001 -1.46918284823
 -2.85915437611 -0.202314140718 1.08738483844 0.542038996064 -0.267117068740 -0.934995755889 -1.26706229161
 -2.83353850929 -0.296011063247 1.04119672473 0.575347150656 -0.224847136308 -0.806777225806 -1.07256012260
 -2.82201619557 -0.0784726963714 0.977737379181 0.477365307287 -0.160876627055 -0.681246530500 -0.945855697106
 -3.04846792642 -0.530362700666 1.07445150153 0.535003331099 -0.157109209328 -0.691104004026 -0.986972222758
 -3.25903225591 -1.15852982088 0.905258283194 0.797907020387 0.0255617672357 -0.603913213537 -0.963357807210
 -3.34874517423 -1.56370887040 0.230179427660 1.07618553752 0.365999523030 -0.374521092464 -0.835526886968
 -3.38822829401 -1.84530341107 -0.361531030561 0.920664121247 0.787022611801 -0.0917850320965 -0.710210484330
 -3.43661341067 -1.95440653830 -0.388182645756 0.785778971495 0.823218257584 0.107804970063 -0.576030928516
 -3.41230849393 -1.93105913049 -0.475592801741 0.537846046893 0.834732702608 0.402596144676 -0.373517754869
 -3.34313386854 -1.83977844223 -0.596615042096 0.163246735222 0.802761922406 0.674028411105 -0.123298118969
# log_selcoffs_fsh[4]:
 -2.90552426889 -2.44761085343 -1.95220500869 -1.38734291677 -0.759368337506 -0.114266565724 0.465095729271 0.894717441898 1.12111986785
 -2.89051832720 -2.44073850431 -1.95173822361 -1.38957042883 -0.762239866545 -0.117617801264 0.463372520812 0.895166302360 1.12275934360
 -2.86138780855 -2.42676778394 -1.95171256678 -1.39246512249 -0.762326395446 -0.117714738604 0.464594342542 0.894680325941 1.12185499385
 -2.81380604886 -2.39835853033 -1.94952496762 -1.40640445004 -0.768594298939 -0.111323110392 0.470956637021 0.896173904456 1.11571267653
 -2.74067880728 -2.33386380070 -1.90922309905 -1.40236091611 -0.790539925478 -0.121452182405 0.483751936299 0.901536598570 1.10511576722
 -2.64628893392 -2.23019740251 -1.83737940849 -1.36955278800 -0.760273022581 -0.106294604529 0.492933839229 0.899886536449 1.08010522215
 -2.54393702252 -2.12319124617 -1.69482283225 -1.26030393638 -0.710638801339 -0.0607502512082 0.517310575463 0.884991958549 1.03023754447
 -2.42647247157 -2.01524274766 -1.58244167282 -1.11103728434 -0.591341855362 -0.0101270848851 0.518645607834 0.855212019879 0.981532198240
 -2.24764498606 -1.84374959616 -1.43931682211 -0.999415565854 -0.479723030577 0.0548968456428 0.517844417800 0.810219728290 0.927725425316
 -2.03688306240 -1.60402523539 -1.18639739155 -0.820506014255 -0.416983940825 0.0616284690230 0.485759503839 0.765187565615 0.886056930379
 -1.83576563853 -1.36825058041 -0.922506726459 -0.546442205925 -0.281540373661 0.0297583418172 0.403660850887 0.695458514177 0.842721454867
 -1.66238289257 -1.19394320525 -0.727467704534 -0.331690167208 -0.0760543853110 0.0684631804441 0.304931575228 0.586232617499 0.767830235367
 -1.51479703225 -1.05319088733 -0.617616570751 -0.230684982302 0.0344973982801 0.163785484094 0.287246991088 0.485512850510 0.656111847836
 -1.37708930522 -0.921732712103 -0.500380185718 -0.157100474815 0.0686588445346 0.192871795969 0.297012777985 0.430342331189 0.543211234465
 -1.24638999057 -0.792139173665 -0.382895201705 -0.0720170657823 0.116309788510 0.210438426316 0.277904845178 0.359338962743 0.429753821947
 -1.12555497701 -0.664829740726 -0.262345684994 0.0186445792049 0.166077411155 0.216323270583 0.237589242584 0.274151789298 0.312860829264
 -1.01359375398 -0.531989515217 -0.132766447687 0.109434084069 0.209227337873 0.203336012081 0.177533603365 0.177331093955 0.192133713191
 -0.929695485954 -0.404589189630 0.0258571647919 0.217651487274 0.242605509959 0.162932973511 0.0875328675538 0.0578075405692 0.0641144903717
 -0.880256480565 -0.326439732756 0.178572047049 0.344549449307 0.251599830597 0.114598516196 -0.0133592226993 -0.0670586609581 -0.0751564101603
 -0.893049475338 -0.315278920556 0.200342272083 0.471625671926 0.328597305909 0.0799888079476 -0.0885935936550 -0.181580372647 -0.204409174755
 -0.921619980268 -0.343836191359 0.0887372451620 0.413687294363 0.429480472024 0.171982864099 -0.0647160166713 -0.187127336325 -0.226756042108
 -1.00442108422 -0.435073523524 0.0100846735832 0.258583439555 0.409803333566 0.280960041385 0.0795831161943 -0.0841048201086 -0.164634131666
 -1.14718523044 -0.612051726268 -0.124762682548 0.170780324335 0.327771750963 0.327660958740 0.208078056369 0.0739343986641 -0.0124158433820
 -1.31753797928 -0.802458247101 -0.338685012097 0.0418176786948 0.283431733803 0.365339642113 0.311813560260 0.214674633545 0.143692451633
 -1.48501187935 -0.962996909130 -0.476970382731 -0.0547356158355 0.257788461265 0.380967134321 0.362307282767 0.298610394648 0.248396016972
 -1.65575447930 -1.11979273833 -0.632004620453 -0.172878298360 0.196597844385 0.394011937218 0.417277401826 0.382156369018 0.355225288006
 -1.82160447107 -1.23705433479 -0.809173587497 -0.318363599969 0.135287806299 0.375197537220 0.457436845540 0.470066328383 0.466978877809
 -2.03885685430 -1.48884295130 -0.967220012581 -0.350107019839 0.0869914331335 0.264583022026 0.402498882143 0.539937266624 0.669984327340
 -1.61247278958 -1.54123835399 -1.14002351370 -0.655606929518 -0.173920996488 0.180507043407 0.437078389548 0.649702311982 0.809247018003
 -1.97993554339 -1.62869860817 -1.35208451274 -0.862398485108 -0.307976077498 0.143321463086 0.468141858941 0.722247699759 0.891905603967
 -1.82999831526 -1.45562905413 -1.39001686698 -1.10698288904 -0.632116964801 -0.114659069640 0.397704677234 0.807681919369 1.05517001707
 -1.57592820189 -0.988117031688 -1.08679486255 -1.12459657369 -0.820400120024 -0.309943382548 0.249257261578 0.777690057288 1.13961772260
 -1.39825450240 -0.480385547079 -0.217520387646 -0.614566401554 -0.698700980103 -0.484596585155 -0.00688840285924 0.589152355076 1.05788376611
 -1.24703529256 -0.0953082256318 -0.150048002769 -0.409698203498 -0.590716755097 -0.519156030369 -0.100643433725 0.490225105053 0.952870671772
 -1.21551012075 -0.362174601596 -0.0522653934642 -0.0653425824536 -0.516235211531 -0.607851987080 -0.227879000443 0.418942277113 0.979679140121
 -1.16411163796 -0.425449335873 -0.0343154231696 -0.107687044373 -0.444178414226 -0.542484524430 -0.205120516206 0.418705865312 0.960481023526
# log_sel_spl_fsh[1]:
 0.00000000000 0.00000000000 0.00000000000 0.00000000000
 0.00000000000 0.00000000000 0.00000000000 0.00000000000
 0.00000000000 0.00000000000 0.00000000000 0.00000000000
 0.00000000000 0.00000000000 0.00000000000 0.00000000000
 0.00000000000 0.00000000000 0.00000000000 0.00000000000
 0.00000000000 0.00000000000 0.00000000000 0.00000000000
 0.00000000000 0.00000000000 0.00000000000 0.00000000000
 0.00000000000 0.00000000000 0.00000000000 0.00000000000
 0.00000000000 0.00000000000 0.00000000000 0.00000000000
 0.00000000000 0.00000000000 0.00000000000 0.00000000000
 0.00000000000 0.00000000000 0.00000000000 0.00000000000
 0.00000000000 0.00000000000 0.00000000000 0.00000000000
 0.00000000000 0.00000000000 0.00000000000 0.00000000000
 0.00000000000 0.00000000000 0.00000000000 0.00000000000
 0.00000000000 0.00000000000 0.00000000000 0.00000000000
 0.00000000000 0.00000000000 0.00000000000 0.00000000000
 0.00000000000 0.00000000000 0.00000000000 0.00000000000
 0.00000000000 0.00000000000 0.00000000000 0.00000000000
 0.00000000000 0.00000000000 0.00000000000 0.00000000000
 0.00000000000 0.00000000000 0.00000000000 0.00000000000
 0.00000000000 0.00000000000 0.00000000000 0.00000000000
 0.00000000000 0.00000000000 0.00000000000 0.00000000000
 0.00000000000 0.00000000000 0.00000000000 0.00000000000
 0.00000000000 0.00000000000 0.00000000000 0.00000000000
 0.00000000000 0.00000000000 0.00000000000 0.00000000000
 0.00000000000 0.00000000000 0.00000000000 0.00000000000
 0.00000000000 0.00000000000 0.00000000000 0.00000000000
 0.00000000000 0.00000000000 0.00000000000 0.00000000000
 0.00000000000 0.00000000000 0.00000000000 0.00000000000
 0.00000000000 0.00000000000 0.00000000000 0.00000000000
 0.00000000000 0.00000000000 0.00000000000 0.00000000000
 0.00000000000 0.00000000000 0.00000000000 0.00000000000
 0.00000000000 0.00000000000 0.00000000000 0.00000000000
 0.00000000000 0.00000000000 0.00000000000 0.00000000000
 0.00000000000 0.00000000000 0.00000000000 0.00000000000
 0.00000000000 0.00000000000 0.00000000000 0.00000000000
 0.00000000000 0.00000000000 0.00000000000 0.00000000000
 0.00000000000 0.00000000000 0.00000000000 0.00000000000
 0.00000000000 0.00000000000 0.00000000000 0.00000000000
 0.00000000000 0.00000000000 0.00000000000 0.00000000000
 0.00000000000 0.00000000000 0.00000000000 0.00000000000
 0.00000000000 0.00000000000 0.00000000000 0.00000000000
# log_sel_spl_fsh[2]:
 0.00000000000 0.00000000000 0.00000000000 0.00000000000
 0.00000000000 0.00000000000 0.00000000000 0.00000000000
 0.00000000000 0.00000000000 0.00000000000 0.00000000000
 0.00000000000 0.00000000000 0.00000000000 0.00000000000
 0.00000000000 0.00000000000 0.00000000000 0.00000000000
 0.00000000000 0.00000000000 0.00000000000 0.00000000000
 0.00000000000 0.00000000000 0.00000000000 0.00000000000
 0.00000000000 0.00000000000 0.00000000000 0.00000000000
 0.00000000000 0.00000000000 0.00000000000 0.00000000000
 0.00000000000 0.00000000000 0.00000000000 0.00000000000
 0.00000000000 0.00000000000 0.00000000000 0.00000000000
 0.00000000000 0.00000000000 0.00000000000 0.00000000000
 0.00000000000 0.00000000000 0.00000000000 0.00000000000
 0.00000000000 0.00000000000 0.00000000000 0.00000000000
 0.00000000000 0.00000000000 0.00000000000 0.00000000000
 0.00000000000 0.00000000000 0.00000000000 0.00000000000
 0.00000000000 0.00000000000 0.00000000000 0.00000000000
 0.00000000000 0.00000000000 0.00000000000 0.00000000000
 0.00000000000 0.00000000000 0.00000000000 0.00000000000
 0.00000000000 0.00000000000 0.00000000000 0.00000000000
 0.00000000000 0.00000000000 0.00000000000 0.00000000000
 0.00000000000 0.00000000000 0.00000000000 0.00000000000
 0.00000000000 0.00000000000 0.00000000000 0.00000000000
 0.00000000000 0.00000000000 0.00000000000 0.00000000000
 0.00000000000 0.00000000000 0.00000000000 0.00000000000
 0.00000000000 0.00000000000 0.00000000000 0.00000000000
 0.00000000000 0.00000000000 0.00000000000 0.00000000000
 0.00000000000 0.00000000000 0.00000000000 0.00000000000
 0.00000000000 0.00000000000 0.00000000000 0.00000000000
 0.00000000000 0.00000000000 0.00000000000 0.00000000000
 0.00000000000 0.00000000000 0.00000000000 0.00000000000
 0.00000000000 0.00000000000 0.00000000000 0.00000000000
 0.00000000000 0.00000000000 0.00000000000 0.00000000000
 0.00000000000 0.00000000000 0.00000000000 0.00000000000
 0.00000000000 0.00000000000 0.00000000000 0.00000000000
 0.00000000000 0.00000000000 0.00000000000 0.00000000000
 0.00000000000 0.00000000000 0.00000000000 0.00000000000
 0.00000000000 0.00000000000 0.00000000000 0.00000000000
 0.00000000000 0.00000000000 0.00000000000 0.00000000000
 0.00000000000 0.00000000000 0.00000000000 0.00000000000
 0.00000000000 0.00000000000 0.00000000000 0.00000000000
 0.00000000000 0.00000000000 0.00000000000 0.00000000000
# log_sel_spl_fsh[3]:
 0.00000000000 0.00000000000 0.00000000000 0.00000000000
 0.00000000000 0.00000000000 0.00000000000 0.00000000000
 0.00000000000 0.00000000000 0.00000000000 0.00000000000
 0.00000000000 0.00000000000 0.00000000000 0.00000000000
 0.00000000000 0.00000000000 0.00000000000 0.00000000000
 0.00000000000 0.00000000000 0.00000000000 0.00000000000
 0.00000000000 0.00000000000 0.00000000000 0.00000000000
 0.00000000000 0.00000000000 0.00000000000 0.00000000000
 0.00000000000 0.00000000000 0.00000000000 0.00000000000
 0.00000000000 0.00000000000 0.00000000000 0.00000000000
 0.00000000000 0.00000000000 0.00000000000 0.00000000000
 0.00000000000 0.00000000000 0.00000000000 0.00000000000
 0.00000000000 0.00000000000 0.00000000000 0.00000000000
 0.00000000000 0.00000000000 0.00000000000 0.00000000000
 0.00000000000 0.00000000000 0.00000000000 0.00000000000
 0.00000000000 0.00000000000 0.00000000000 0.00000000000
 0.00000000000 0.00000000000 0.00000000000 0.00000000000
 0.00000000000 0.00000000000 0.00000000000 0.00000000000
 0.00000000000 0.00000000000 0.00000000000 0.00000000000
 0.00000000000 0.00000000000 0.00000000000 0.00000000000
 0.00000000000 0.00000000000 0.00000000000 0.00000000000
 0.00000000000 0.00000000000 0.00000000000 0.00000000000
 0.00000000000 0.00000000000 0.00000000000 0.00000000000
 0.00000000000 0.00000000000 0.00000000000 0.00000000000
 0.00000000000 0.00000000000 0.00000000000 0.00000000000
 0.00000000000 0.00000000000 0.00000000000 0.00000000000
 0.00000000000 0.00000000000 0.00000000000 0.00000000000
 0.00000000000 0.00000000000 0.00000000000 0.00000000000
 0.00000000000 0.00000000000 0.00000000000 0.00000000000
 0.00000000000 0.00000000000 0.00000000000 0.00000000000
 0.00000000000 0.00000000000 0.00000000000 0.00000000000
 0.00000000000 0.00000000000 0.00000000000 0.00000000000
 0.00000000000 0.00000000000 0.00000000000 0.00000000000
 0.00000000000 0.00000000000 0.00000000000 0.00000000000
 0.00000000000 0.00000000000 0.00000000000 0.00000000000
 0.00000000000 0.00000000000 0.00000000000 0.00000000000
 0.00000000000 0.00000000000 0.00000000000 0.00000000000
 0.00000000000 0.00000000000 0.00000000000 0.00000000000
 0.00000000000 0.00000000000 0.00000000000 0.00000000000
 0.00000000000 0.00000000000 0.00000000000 0.00000000000
 0.00000000000 0.00000000000 0.00000000000 0.00000000000
 0.00000000000 0.00000000000 0.00000000000 0.00000000000
 0.00000000000 0.00000000000 0.00000000000 0.00000000000
 0.00000000000 0.00000000000 0.00000000000 0.00000000000
 0.00000000000 0.00000000000 0.00000000000 0.00000000000
# log_sel_spl_fsh[4]:
 0.00000000000 0.00000000000 0.00000000000 0.00000000000
 0.00000000000 0.00000000000 0.00000000000 0.00000000000
 0.00000000000 0.00000000000 0.00000000000 0.00000000000
 0.00000000000 0.00000000000 0.00000000000 0.00000000000
 0.00000000000 0.00000000000 0.00000000000 0.00000000000
 0.00000000000 0.00000000000 0.00000000000 0.00000000000
 0.00000000000 0.00000000000 0.00000000000 0.00000000000
 0.00000000000 0.00000000000 0.00000000000 0.00000000000
 0.00000000000 0.00000000000 0.00000000000 0.00000000000
 0.00000000000 0.00000000000 0.00000000000 0.00000000000
 0.00000000000 0.00000000000 0.00000000000 0.00000000000
 0.00000000000 0.00000000000 0.00000000000 0.00000000000
 0.00000000000 0.00000000000 0.00000000000 0.00000000000
 0.00000000000 0.00000000000 0.00000000000 0.00000000000
 0.00000000000 0.00000000000 0.00000000000 0.00000000000
 0.00000000000 0.00000000000 0.00000000000 0.00000000000
 0.00000000000 0.00000000000 0.00000000000 0.00000000000
 0.00000000000 0.00000000000 0.00000000000 0.00000000000
 0.00000000000 0.00000000000 0.00000000000 0.00000000000
 0.00000000000 0.00000000000 0.00000000000 0.00000000000
 0.00000000000 0.00000000000 0.00000000000 0.00000000000
 0.00000000000 0.00000000000 0.00000000000 0.00000000000
 0.00000000000 0.00000000000 0.00000000000 0.00000000000
 0.00000000000 0.00000000000 0.00000000000 0.00000000000
 0.00000000000 0.00000000000 0.00000000000 0.00000000000
 0.00000000000 0.00000000000 0.00000000000 0.00000000000
 0.00000000000 0.00000000000 0.00000000000 0.00000000000
 0.00000000000 0.00000000000 0.00000000000 0.00000000000
 0.00000000000 0.00000000000 0.00000000000 0.00000000000
 0.00000000000 0.00000000000 0.00000000000 0.00000000000
 0.00000000000 0.00000000000 0.00000000000 0.00000000000
 0.00000000000 0.00000000000 0.00000000000 0.00000000000
 0.00000000000 0.00000000000 0.00000000000 0.00000000000
 0.00000000000 0.00000000000 0.00000000000 0.00000000000
 0.00000000000 0.00000000000 0.00000000000 0.00000000000
 0.00000000000 0.00000000000 0.00000000000 0.00000000000
# logsel_slope_fsh[1]:
 0.00000000000 0.00000000000 0.00000000000 0.00000000000 0.00000000000 0.00000000000 0.00000000000 0.00000000000 0.00000000000 0.00000000000 0.00000000000 0.00000000000 0.00000000000 0.00000000000 0.00000000000 0.00000000000 0.00000000000 0.00000000000 0.00000000000 0.00000000000 0.00000000000 0.00000000000 0.00000000000 0.00000000000 0.00000000000 0.00000000000 0.00000000000 0.00000000000 0.00000000000 0.00000000000 0.00000000000 0.00000000000 0.00000000000 0.00000000000 0.00000000000 0.00000000000 0.00000000000 0.00000000000 0.00000000000 0.00000000000 0.00000000000 0.00000000000
# logsel_slope_fsh[2]:
 0.00000000000 0.00000000000 0.00000000000 0.00000000000 0.00000000000 0.00000000000 0.00000000000 0.00000000000 0.00000000000 0.00000000000 0.00000000000 0.00000000000 0.00000000000 0.00000000000 0.00000000000 0.00000000000 0.00000000000 0.00000000000 0.00000000000 0.00000000000 0.00000000000 0.00000000000 0.00000000000 0.00000000000 0.00000000000 0.00000000000 0.00000000000 0.00000000000 0.00000000000 0.00000000000 0.00000000000 0.00000000000 0.00000000000 0.00000000000 0.00000000000 0.00000000000 0.00000000000 0.00000000000 0.00000000000 0.00000000000 0.00000000000 0.00000000000
# logsel_slope_fsh[3]:
 0.00000000000 0.00000000000 0.00000000000 0.00000000000 0.00000000000 0.00000000000 0.00000000000 0.00000000000 0.00000000000 0.00000000000 0.00000000000 0.00000000000 0.00000000000 0.00000000000 0.00000000000 0.00000000000 0.00000000000 0.00000000000 0.00000000000 0.00000000000 0.00000000000 0.00000000000 0.00000000000 0.00000000000 0.00000000000 0.00000000000 0.00000000000 0.00000000000 0.00000000000 0.00000000000 0.00000000000 0.00000000000 0.00000000000 0.00000000000 0.00000000000 0.00000000000 0.00000000000 0.00000000000 0.00000000000 0.00000000000 0.00000000000 0.00000000000 0.00000000000 0.00000000000 0.00000000000
# logsel_slope_fsh[4]:
 0.00000000000 0.00000000000 0.00000000000 0.00000000000 0.00000000000 0.00000000000 0.00000000000 0.00000000000 0.00000000000 0.00000000000 0.00000000000 0.00000000000 0.00000000000 0.00000000000 0.00000000000 0.00000000000 0.00000000000 0.00000000000 0.00000000000 0.00000000000 0.00000000000 0.00000000000 0.00000000000 0.00000000000 0.00000000000 0.00000000000 0.00000000000 0.00000000000 0.00000000000 0.00000000000 0.00000000000 0.00000000000 0.00000000000 0.00000000000 0.00000000000 0.00000000000
# sel50_fsh[1]:
 0.00000000000 0.00000000000 0.00000000000 0.00000000000 0.00000000000 0.00000000000 0.00000000000 0.00000000000 0.00000000000 0.00000000000 0.00000000000 0.00000000000 0.00000000000 0.00000000000 0.00000000000 0.00000000000 0.00000000000 0.00000000000 0.00000000000 0.00000000000 0.00000000000 0.00000000000 0.00000000000 0.00000000000 0.00000000000 0.00000000000 0.00000000000 0.00000000000 0.00000000000 0.00000000000 0.00000000000 0.00000000000 0.00000000000 0.00000000000 0.00000000000 0.00000000000 0.00000000000 0.00000000000 0.00000000000 0.00000000000 0.00000000000 0.00000000000
# sel50_fsh[2]:
 0.00000000000 0.00000000000 0.00000000000 0.00000000000 0.00000000000 0.00000000000 0.00000000000 0.00000000000 0.00000000000 0.00000000000 0.00000000000 0.00000000000 0.00000000000 0.00000000000 0.00000000000 0.00000000000 0.00000000000 0.00000000000 0.00000000000 0.00000000000 0.00000000000 0.00000000000 0.00000000000 0.00000000000 0.00000000000 0.00000000000 0.00000000000 0.00000000000 0.00000000000 0.00000000000 0.00000000000 0.00000000000 0.00000000000 0.00000000000 0.00000000000 0.00000000000 0.00000000000 0.00000000000 0.00000000000 0.00000000000 0.00000000000 0.00000000000
# sel50_fsh[3]:
 0.00000000000 0.00000000000 0.00000000000 0.00000000000 0.00000000000 0.00000000000 0.00000000000 0.00000000000 0.00000000000 0.00000000000 0.00000000000 0.00000000000 0.00000000000 0.00000000000 0.00000000000 0.00000000000 0.00000000000 0.00000000000 0.00000000000 0.00000000000 0.00000000000 0.00000000000 0.00000000000 0.00000000000 0.00000000000 0.00000000000 0.00000000000 0.00000000000 0.00000000000 0.00000000000 0.00000000000 0.00000000000 0.00000000000 0.00000000000 0.00000000000 0.00000000000 0.00000000000 0.00000000000 0.00000000000 0.00000000000 0.00000000000 0.00000000000 0.00000000000 0.00000000000 0.00000000000
# sel50_fsh[4]:
 0.00000000000 0.00000000000 0.00000000000 0.00000000000 0.00000000000 0.00000000000 0.00000000000 0.00000000000 0.00000000000 0.00000000000 0.00000000000 0.00000000000 0.00000000000 0.00000000000 0.00000000000 0.00000000000 0.00000000000 0.00000000000 0.00000000000 0.00000000000 0.00000000000 0.00000000000 0.00000000000 0.00000000000 0.00000000000 0.00000000000 0.00000000000 0.00000000000 0.00000000000 0.00000000000 0.00000000000 0.00000000000 0.00000000000 0.00000000000 0.00000000000 0.00000000000
# logsel_p1_fsh[1]:
 0.00000000000 0.00000000000 0.00000000000 0.00000000000 0.00000000000 0.00000000000 0.00000000000 0.00000000000 0.00000000000 0.00000000000 0.00000000000 0.00000000000 0.00000000000 0.00000000000 0.00000000000 0.00000000000 0.00000000000 0.00000000000 0.00000000000 0.00000000000 0.00000000000 0.00000000000 0.00000000000 0.00000000000 0.00000000000 0.00000000000 0.00000000000 0.00000000000 0.00000000000 0.00000000000 0.00000000000 0.00000000000 0.00000000000 0.00000000000 0.00000000000 0.00000000000 0.00000000000 0.00000000000 0.00000000000 0.00000000000 0.00000000000 0.00000000000
# logsel_p1_fsh[2]:
 0.00000000000 0.00000000000 0.00000000000 0.00000000000 0.00000000000 0.00000000000 0.00000000000 0.00000000000 0.00000000000 0.00000000000 0.00000000000 0.00000000000 0.00000000000 0.00000000000 0.00000000000 0.00000000000 0.00000000000 0.00000000000 0.00000000000 0.00000000000 0.00000000000 0.00000000000 0.00000000000 0.00000000000 0.00000000000 0.00000000000 0.00000000000 0.00000000000 0.00000000000 0.00000000000 0.00000000000 0.00000000000 0.00000000000 0.00000000000 0.00000000000 0.00000000000 0.00000000000 0.00000000000 0.00000000000 0.00000000000 0.00000000000 0.00000000000
# logsel_p1_fsh[3]:
 0.00000000000 0.00000000000 0.00000000000 0.00000000000 0.00000000000 0.00000000000 0.00000000000 0.00000000000 0.00000000000 0.00000000000 0.00000000000 0.00000000000 0.00000000000 0.00000000000 0.00000000000 0.00000000000 0.00000000000 0.00000000000 0.00000000000 0.00000000000 0.00000000000 0.00000000000 0.00000000000 0.00000000000 0.00000000000 0.00000000000 0.00000000000 0.00000000000 0.00000000000 0.00000000000 0.00000000000 0.00000000000 0.00000000000 0.00000000000 0.00000000000 0.00000000000 0.00000000000 0.00000000000 0.00000000000 0.00000000000 0.00000000000 0.00000000000 0.00000000000 0.00000000000 0.00000000000
# logsel_p1_fsh[4]:
 0.00000000000 0.00000000000 0.00000000000 0.00000000000 0.00000000000 0.00000000000 0.00000000000 0.00000000000 0.00000000000 0.00000000000 0.00000000000 0.00000000000 0.00000000000 0.00000000000 0.00000000000 0.00000000000 0.00000000000 0.00000000000 0.00000000000 0.00000000000 0.00000000000 0.00000000000 0.00000000000 0.00000000000 0.00000000000 0.00000000000 0.00000000000 0.00000000000 0.00000000000 0.00000000000 0.00000000000 0.00000000000 0.00000000000 0.00000000000 0.00000000000 0.00000000000
# logsel_p2_fsh[1]:
 0.00000000000 0.00000000000 0.00000000000 0.00000000000 0.00000000000 0.00000000000 0.00000000000 0.00000000000 0.00000000000 0.00000000000 0.00000000000 0.00000000000 0.00000000000 0.00000000000 0.00000000000 0.00000000000 0.00000000000 0.00000000000 0.00000000000 0.00000000000 0.00000000000 0.00000000000 0.00000000000 0.00000000000 0.00000000000 0.00000000000 0.00000000000 0.00000000000 0.00000000000 0.00000000000 0.00000000000 0.00000000000 0.00000000000 0.00000000000 0.00000000000 0.00000000000 0.00000000000 0.00000000000 0.00000000000 0.00000000000 0.00000000000 0.00000000000
# logsel_p2_fsh[2]:
 0.00000000000 0.00000000000 0.00000000000 0.00000000000 0.00000000000 0.00000000000 0.00000000000 0.00000000000 0.00000000000 0.00000000000 0.00000000000 0.00000000000 0.00000000000 0.00000000000 0.00000000000 0.00000000000 0.00000000000 0.00000000000 0.00000000000 0.00000000000 0.00000000000 0.00000000000 0.00000000000 0.00000000000 0.00000000000 0.00000000000 0.00000000000 0.00000000000 0.00000000000 0.00000000000 0.00000000000 0.00000000000 0.00000000000 0.00000000000 0.00000000000 0.00000000000 0.00000000000 0.00000000000 0.00000000000 0.00000000000 0.00000000000 0.00000000000
# logsel_p2_fsh[3]:
 0.00000000000 0.00000000000 0.00000000000 0.00000000000 0.00000000000 0.00000000000 0.00000000000 0.00000000000 0.00000000000 0.00000000000 0.00000000000 0.00000000000 0.00000000000 0.00000000000 0.00000000000 0.00000000000 0.00000000000 0.00000000000 0.00000000000 0.00000000000 0.00000000000 0.00000000000 0.00000000000 0.00000000000 0.00000000000 0.00000000000 0.00000000000 0.00000000000 0.00000000000 0.00000000000 0.00000000000 0.00000000000 0.00000000000 0.00000000000 0.00000000000 0.00000000000 0.00000000000 0.00000000000 0.00000000000 0.00000000000 0.00000000000 0.00000000000 0.00000000000 0.00000000000 0.00000000000
# logsel_p2_fsh[4]:
 0.00000000000 0.00000000000 0.00000000000 0.00000000000 0.00000000000 0.00000000000 0.00000000000 0.00000000000 0.00000000000 0.00000000000 0.00000000000 0.00000000000 0.00000000000 0.00000000000 0.00000000000 0.00000000000 0.00000000000 0.00000000000 0.00000000000 0.00000000000 0.00000000000 0.00000000000 0.00000000000 0.00000000000 0.00000000000 0.00000000000 0.00000000000 0.00000000000 0.00000000000 0.00000000000 0.00000000000 0.00000000000 0.00000000000 0.00000000000 0.00000000000 0.00000000000
# logsel_p3_fsh[1]:
 0.00000000000 0.00000000000 0.00000000000 0.00000000000 0.00000000000 0.00000000000 0.00000000000 0.00000000000 0.00000000000 0.00000000000 0.00000000000 0.00000000000 0.00000000000 0.00000000000 0.00000000000 0.00000000000 0.00000000000 0.00000000000 0.00000000000 0.00000000000 0.00000000000 0.00000000000 0.00000000000 0.00000000000 0.00000000000 0.00000000000 0.00000000000 0.00000000000 0.00000000000 0.00000000000 0.00000000000 0.00000000000 0.00000000000 0.00000000000 0.00000000000 0.00000000000 0.00000000000 0.00000000000 0.00000000000 0.00000000000 0.00000000000 0.00000000000
# logsel_p3_fsh[2]:
 0.00000000000 0.00000000000 0.00000000000 0.00000000000 0.00000000000 0.00000000000 0.00000000000 0.00000000000 0.00000000000 0.00000000000 0.00000000000 0.00000000000 0.00000000000 0.00000000000 0.00000000000 0.00000000000 0.00000000000 0.00000000000 0.00000000000 0.00000000000 0.00000000000 0.00000000000 0.00000000000 0.00000000000 0.00000000000 0.00000000000 0.00000000000 0.00000000000 0.00000000000 0.00000000000 0.00000000000 0.00000000000 0.00000000000 0.00000000000 0.00000000000 0.00000000000 0.00000000000 0.00000000000 0.00000000000 0.00000000000 0.00000000000 0.00000000000
# logsel_p3_fsh[3]:
 0.00000000000 0.00000000000 0.00000000000 0.00000000000 0.00000000000 0.00000000000 0.00000000000 0.00000000000 0.00000000000 0.00000000000 0.00000000000 0.00000000000 0.00000000000 0.00000000000 0.00000000000 0.00000000000 0.00000000000 0.00000000000 0.00000000000 0.00000000000 0.00000000000 0.00000000000 0.00000000000 0.00000000000 0.00000000000 0.00000000000 0.00000000000 0.00000000000 0.00000000000 0.00000000000 0.00000000000 0.00000000000 0.00000000000 0.00000000000 0.00000000000 0.00000000000 0.00000000000 0.00000000000 0.00000000000 0.00000000000 0.00000000000 0.00000000000 0.00000000000 0.00000000000 0.00000000000
# logsel_p3_fsh[4]:
 0.00000000000 0.00000000000 0.00000000000 0.00000000000 0.00000000000 0.00000000000 0.00000000000 0.00000000000 0.00000000000 0.00000000000 0.00000000000 0.00000000000 0.00000000000 0.00000000000 0.00000000000 0.00000000000 0.00000000000 0.00000000000 0.00000000000 0.00000000000 0.00000000000 0.00000000000 0.00000000000 0.00000000000 0.00000000000 0.00000000000 0.00000000000 0.00000000000 0.00000000000 0.00000000000 0.00000000000 0.00000000000 0.00000000000 0.00000000000 0.00000000000 0.00000000000
# rec_dev_future:
 0.00000000000 0.00000000000 0.00000000000 0.00000000000 0.00000000000 0.00000000000 0.00000000000 0.00000000000 0.00000000000 0.00000000000 0.00000000000 0.00000000000 0.00000000000 0.00000000000 0.00000000000 0.00000000000 0.00000000000 0.00000000000 0.00000000000 0.00000000000
# log_q_ind[1]:
0.518793979671
# log_q_ind[2]:
-2.08167954881
# log_q_ind[3]:
-9.22818813910
# log_q_ind[4]:
-0.214718238309
# log_q_ind[5]:
-5.51206461767
# log_q_ind[6]:
-7.88168173358
# log_q_ind[7]:
-1.17280025113
# log_q_power_ind[1]:
0.00000000000
# log_q_power_ind[2]:
0.00000000000
# log_q_power_ind[3]:
0.00000000000
# log_q_power_ind[4]:
0.00000000000
# log_q_power_ind[5]:
0.00000000000
# log_q_power_ind[6]:
0.00000000000
# log_q_power_ind[7]:
0.00000000000
# log_rw_q_ind[1]:
 -0.985988898208
# log_rw_q_ind[3]:
 -0.606776297880
# log_rw_q_ind[7]:
 -0.0124972121638
# log_selcoffs_ind[1]:
 -2.19822875276 -1.37662338108 -0.764169136808 -0.322951165040 -0.0243298641974 0.187475527958 0.335435957062 0.434234238606 0.493100725804 0.521742321222
 -2.81709501463 -2.00480224830 -1.23703767970 -0.580646611360 -0.0888161553948 0.248986663813 0.441473954341 0.532730281726 0.562481390447 0.556421553896
# log_selcoffs_ind[2]:
 -1.21935123880 -1.33250810719 -1.59363219896 -1.74531896549 -1.65314164607 -1.26523955775 -0.618836769019 0.171267901483 0.944282327735 1.45699086087
 -0.0578547490205 -0.505181679782 -0.803020958907 -0.946968813646 -0.919185790836 -0.684755340479 -0.264753891718 0.238422659920 0.698072977978 0.981087255927
 0.359815555205 -0.0300371753336 -0.233568991688 -0.335149535463 -0.404242538613 -0.382891783168 -0.241963203884 -0.00312771393345 0.277101080340 0.494062173554
# log_selcoffs_ind[3]:
 -0.202940821038 0.0202027052767 0.0202027052767 0.0202027052767 0.0202027052767 0.0202027052767 0.0202027052767 0.0202027052767 0.0202027052767 0.0202027052767
# log_selcoffs_ind[4]:
 -0.692844336752 -0.506827495267 -0.336696908759 -0.198657254928 -0.0810138673924 0.0337658748217 0.149793481814 0.261438458510 0.356137851528 0.417900685217
 -1.45166324988 -1.16486955104 -0.869321691835 -0.557343267324 -0.246557502539 0.0400125616177 0.286115572353 0.475310371919 0.591829125077 0.637914823791
# log_selcoffs_ind[5]:
 -3.04452005677 -0.669616569639 0.101782682789 0.174353368097 0.174353368097 0.174353368097 0.174353368097 0.174353368097 0.174353368097 0.174353368097
# log_selcoffs_ind[6]:
 -3.04452005677 -0.669616569639 0.101782682789 0.174353368097 0.174353368097 0.174353368097 0.174353368097 0.174353368097 0.174353368097 0.174353368097
# log_selcoffs_ind[7]:
 -3.04452005677 -0.669616569639 0.101782682789 0.174353368097 0.174353368097 0.174353368097 0.174353368097 0.174353368097 0.174353368097 0.174353368097
# logsel_slope_ind[1]:
 0.00000000000 0.00000000000
# logsel_slope_ind[2]:
 0.00000000000 0.00000000000 0.00000000000
# logsel_slope_ind[3]:
 0.00000000000
# logsel_slope_ind[4]:
 0.00000000000 0.00000000000
# logsel_slope_ind[5]:
 0.00000000000
# logsel_slope_ind[6]:
 0.00000000000
# logsel_slope_ind[7]:
 0.00000000000
# sel50_ind[1]:
 0.00000000000 0.00000000000
# sel50_ind[2]:
 0.00000000000 0.00000000000 0.00000000000
# sel50_ind[3]:
 0.00000000000
# sel50_ind[4]:
 0.00000000000 0.00000000000
# sel50_ind[5]:
 0.00000000000
# sel50_ind[6]:
 0.00000000000
# sel50_ind[7]:
 0.00000000000
# logsel_p1_ind[1]:
 0.00000000000 0.00000000000
# logsel_p1_ind[2]:
 0.00000000000 0.00000000000 0.00000000000
# logsel_p1_ind[3]:
 0.00000000000
# logsel_p1_ind[4]:
 0.00000000000 0.00000000000
# logsel_p1_ind[5]:
 0.00000000000
# logsel_p1_ind[6]:
 0.00000000000
# logsel_p1_ind[7]:
 0.00000000000
# sel_p2_ind[1]:
 0.00000000000 0.00000000000
# sel_p2_ind[2]:
 0.00000000000 0.00000000000 0.00000000000
# sel_p2_ind[3]:
 0.00000000000
# sel_p2_ind[4]:
 0.00000000000 0.00000000000
# sel_p2_ind[5]:
 0.00000000000
# sel_p2_ind[6]:
 0.00000000000
# sel_p2_ind[7]:
 0.00000000000
# logsel_p3_ind[1]:
 0.00000000000 0.00000000000
# logsel_p3_ind[2]:
 0.00000000000 0.00000000000 0.00000000000
# logsel_p3_ind[3]:
 0.00000000000
# logsel_p3_ind[4]:
 0.00000000000 0.00000000000
# logsel_p3_ind[5]:
 0.00000000000
# logsel_p3_ind[6]:
 0.00000000000
# logsel_p3_ind[7]:
 0.00000000000
